1.301944887894352178e+04 1.408644151354064711e+01 9.817228608982476956e+00 9.184581583417591233e+00 9.115539806816711277e+00 8.741783905697570134e+00 8.659756125293821327e+00 8.568583070076490671e+00 8.772054298439098119e+00 8.766662003917218726e+00 8.753029304048917325e+00 8.725042266975835403e+00 8.682328589631181259e+00 8.640035253877851318e+00 8.598397406462403580e+00 8.525772242079737495e+00 1.068160440313010717e+01 1.066749571643981653e+01 1.063437497699188050e+01 1.057037478199919711e+01 1.047494846711474636e+01 1.038312368509943973e+01 1.030584791949861945e+01 1.019041961256114703e+01
1.408645265034024874e+01 3.469520849174592058e+03 1.057307524406946797e+01 9.204137871299591822e+00 8.891230815719289637e+00 8.803882928048739842e+00 8.661232707467375391e+00 8.555106400799310506e+00 8.766673888728115926e+00 8.763970356453326005e+00 8.752275210672683770e+00 8.725546670707867492e+00 8.683355197211614751e+00 8.641103366035375544e+00 8.599448369547769033e+00 8.526832544801228764e+00 1.066751171120352559e+01 1.066041028198897145e+01 1.063193086501857998e+01 1.057051001766274290e+01 1.047620561585128485e+01 1.038444130674925070e+01 1.030710288638462302e+01 1.019168390336891505e+01
9.817267802445050151e+00 1.057310331142866211e+01 9.296284603615974902e+02 9.409873833333094240e+00 8.896310089623751693e+00 8.747170593490631418e+00 8.679723243971499969e+00 8.564536949283045431e+00 8.753071140421011975e+00 8.752305173673503802e+00 8.747105399960371841e+00 8.725334404190542514e+00 8.685196191380855524e+00 8.643127967140959100e+00 8.601416890585172226e+00 8.528849910071047091e+00 1.063443128880335919e+01 1.063197119749392350e+01 1.061922324588235433e+01 1.056843551480460519e+01 1.047848489922939663e+01 1.038700746615256598e+01 1.030945020666444023e+01 1.019408766567849511e+01
9.184678763495828235e+00 9.204223970638658159e+00 9.409931937191654328e+00 2.539362392291232027e+02 8.964592143597313267e+00 8.752488762332887973e+00 8.667068602972351599e+00 8.573012243107275054e+00 8.725146031399866331e+00 8.725638610332383749e+00 8.725396457801464223e+00 8.718977563305255529e+00 8.687925337729645037e+00 8.646826975035031282e+00 8.604920767661401015e+00 8.532561832148468639e+00 1.057051447119827081e+01 1.057063379308558382e+01 1.056851906168620481e+01 1.055248328803431157e+01 1.048176214110199389e+01 1.039196369025515310e+01 1.031361388894204190e+01 1.019850271223891447e+01
9.115730276014542000e+00 8.891410360758559506e+00 8.896461988370782947e+00 8.964686436374382339e+00 7.408290591893701560e+01 8.779898465566146726e+00 8.673769831476523251e+00 8.575805775873563519e+00 8.682531982025318840e+00 8.683546932429518250e+00 8.685358414443212993e+00 8.688026040399856598e+00 8.686249759258014791e+00 8.653532937724699892e+00 8.611008196135029991e+00 8.539456147266266228e+00 1.047522226404301726e+01 1.047646372520305391e+01 1.047870328456623135e+01 1.048189769925731341e+01 1.047513335560432068e+01 1.040189530920980410e+01 1.032081725942283512e+01 1.020668017650347181e+01
8.742077979610673566e+00 8.804166534054591153e+00 8.747427638691434026e+00 8.752690212130094238e+00 8.780008019206590575e+00 2.617261629083424879e+01 8.689776639316537654e+00 8.590082471532776154e+00 8.640348894158632831e+00 8.641405836955057040e+00 8.643402087098831288e+00 8.647041727022591218e+00 8.653649555662148884e+00 8.660753800496266308e+00 8.621912161782853801e+00 8.553207833754004952e+00 1.038354538336183630e+01 1.038484797500023404e+01 1.038737597622936271e+01 1.039225227724554124e+01 1.040205180667535600e+01 1.041215534140924603e+01 1.033390534097832436e+01 1.022291727729854571e+01
8.660094351344881147e+00 8.661561452968140173e+00 8.680027893133454242e+00 8.667322659795896556e+00 8.673939719223270117e+00 8.689844509624135682e+00 1.335841000997253047e+01 8.612115193791209933e+00 8.598757282414956293e+00 8.599798130433873311e+00 8.601740933448418502e+00 8.605190791623909874e+00 8.611188353773036042e+00 8.621983751910251570e+00 8.630860371785447072e+00 8.572400626633397636e+00 1.030633078879076869e+01 1.030757214524915888e+01 1.030988485378994923e+01 1.031397582154773396e+01 1.032105824950930462e+01 1.033400066896356861e+01 1.034654468751546474e+01 1.024514037796413390e+01
8.568886923158874680e+00 8.555402460659374597e+00 8.564813185625098413e+00 8.573246803692855522e+00 8.575970810499882191e+00 8.590162651577124109e+00 8.612137335868711219e+00 9.884254616945966632e+00 8.526095249745539562e+00 8.527147237948941694e+00 8.529143446481148416e+00 8.532810872663979751e+00 8.539630962075378307e+00 8.553292357490329678e+00 8.572423935963811914e+00 8.583355174018745259e+00 1.019085268138322498e+01 1.019210578483618690e+01 1.019448107508003787e+01 1.019883622882971075e+01 1.020691380694093553e+01 1.022302977943188473e+01 1.024517137247760523e+01 1.025768521909760267e+01
8.772054298439098119e+00 8.766662003917218726e+00 8.753029304048917325e+00 8.725042266975835403e+00 8.682328589631181259e+00 8.640035253877851318e+00 8.598397406462403580e+00 8.525772242079737495e+00 2.944326345231759842e+04 2.182928493051093355e+01 1.230165750548504100e+01 1.097893171466045459e+01 1.090982642205096731e+01 1.012518152667863802e+01 9.992128988037105586e+00 9.864508475386811526e+00 1.142834896241866716e+01 1.140969361073004684e+01 1.136640885435148363e+01 1.128326269831114992e+01 1.116078389990106068e+01 1.104603935477704901e+01 1.095454923071152642e+01 1.082194221513034549e+01
8.766673888728115926e+00 8.763970356453326005e+00 8.752275210672683770e+00 8.725546670707867492e+00 8.683355197211614751e+00 8.641103366035375544e+00 8.599448369547769033e+00 8.526832544801228764e+00 2.182929761362161258e+01 7.838917404373834870e+03 1.400866544509421807e+01 1.102262887193444030e+01 1.040102687116436897e+01 1.026445956900873746e+01 9.994289971699130248e+00 9.832833384660714771e+00 1.140971067991107191e+01 1.140029703921284998e+01 1.136301073335262579e+01 1.128321183406497319e+01 1.116215550374130494e+01 1.104746027342424775e+01 1.095588111561533751e+01 1.082328359642495030e+01
8.753071140421011975e+00 8.752305173673503802e+00 8.747105399960371841e+00 8.725334404190542514e+00 8.685196191380855524e+00 8.643127967140959100e+00 8.601416890585172226e+00 8.528849910071047091e+00 1.230170216317999277e+01 1.400869743191341499e+01 2.093134326677603440e+03 1.148339555261030043e+01 1.040964306095949254e+01 1.013385011162442062e+01 1.003390300189085949e+01 9.851905298317417348e+00 1.136646896388915096e+01 1.136305379020959450e+01 1.134622045828156089e+01 1.128018459755620384e+01 1.116469453363843733e+01 1.105026488241480109e+01 1.095837217614923809e+01 1.082583422716301058e+01
8.725146031399866331e+00 8.725638610332383749e+00 8.725396457801464223e+00 8.718977563305255529e+00 8.687925337729645037e+00 8.646826975035031282e+00 8.604920767661401015e+00 8.532561832148468639e+00 1.097904251019120636e+01 1.102272704859635688e+01 1.148346182491303757e+01 5.646448048100346568e+02 1.055744738039509478e+01 1.014155189791220302e+01 1.000129186327347597e+01 9.866899121960223340e+00 1.128341185363899335e+01 1.128334400690962092e+01 1.128027382486774322e+01 1.125930088667521645e+01 1.116847027319383301e+01 1.105582274933949272e+01 1.096278376549372524e+01 1.083051543775616921e+01
8.682531982025318840e+00 8.683546932429518250e+00 8.685358414443212993e+00 8.688026040399856598e+00 8.686249759258014791e+00 8.653532937724699892e+00 8.611008196135029991e+00 8.539456147266266228e+00 1.091004361641832610e+01 1.040123162610973750e+01 1.040981631182097544e+01 1.055755493001564105e+01 1.578489443720027907e+02 1.019503510985572881e+01 1.000940068218647561e+01 9.865397810453149674e+00 1.116107627867754992e+01 1.116243114219218491e+01 1.116492776673820586e+01 1.116861504976672315e+01 1.115999267268363582e+01 1.106748116230222045e+01 1.097039924562059809e+01 1.083917408290538908e+01
8.640348894158632831e+00 8.641405836955057040e+00 8.643402087098831288e+00 8.647041727022591218e+00 8.653649555662148884e+00 8.660753800496266308e+00 8.621912161782853801e+00 8.553207833754004952e+00 1.012551603940074152e+01 1.026478216387526565e+01 1.013414244459708335e+01 1.014178083394982721e+01 1.019515924926417760e+01 4.951622487419322738e+01 1.003251255912931228e+01 9.881891523093637275e+00 1.104648912161436414e+01 1.104789400300137636e+01 1.105065788171397045e+01 1.105613040115530055e+01 1.106764775518067268e+01 1.108012239424531842e+01 1.098431900968051167e+01 1.085632582481038177e+01
8.598757282414958070e+00 8.599798130433873311e+00 8.601740933448418502e+00 8.605190791623909874e+00 8.611188353773036042e+00 8.621983751910251570e+00 8.630860371785447072e+00 8.572400626633397636e+00 9.992511904274975265e+00 9.994662095855495920e+00 1.003424767709327803e+01 1.000157886057619905e+01 1.000959172913946560e+01 1.003258806655399304e+01 2.057201348242896444e+01 9.908613629192245753e+00 1.095506302014825728e+01 1.095638038362507061e+01 1.095883450278083870e+01 1.096316845182243505e+01 1.097065480015163352e+01 1.098441954638834694e+01 1.099927609386614513e+01 1.087957660148720684e+01
8.526095249745539562e+00 8.527147237948941694e+00 8.529143446481146640e+00 8.532810872663979751e+00 8.539630962075378307e+00 8.553292357490329678e+00 8.572423935963811914e+00 8.583355174018745259e+00 9.864851847624789727e+00 9.833167886188817874e+00 9.852217220134980025e+00 9.867163536613944075e+00 9.865582981020160958e+00 9.881980616683797791e+00 9.908638163681878552e+00 1.276334301122056125e+01 1.082240259050706044e+01 1.082373203605068213e+01 1.082625227962980397e+01 1.083086954380159206e+01 1.083942154838971028e+01 1.085644439879435552e+01 1.087960922088769955e+01 1.089288713368983252e+01
1.068160440313010362e+01 1.066749571643981653e+01 1.063437497699188228e+01 1.057037478199919711e+01 1.047494846711474636e+01 1.038312368509943973e+01 1.030584791949861945e+01 1.019041961256114703e+01 1.142834896241866716e+01 1.140969361073004684e+01 1.136640885435148363e+01 1.128326269831114992e+01 1.116078389990106068e+01 1.104603935477704901e+01 1.095454923071152642e+01 1.082194221513034549e+01 1.955763574872654863e+04 2.480075597347049410e+01 1.744296276068445550e+01 1.577311378805575259e+01 1.507358953124814782e+01 1.417870057814158713e+01 1.391832564853756971e+01 1.365429805348920667e+01
1.066751171120352559e+01 1.066041028198897145e+01 1.063193086501857998e+01 1.057051001766274290e+01 1.047620561585128485e+01 1.038444130674925070e+01 1.030710288638462302e+01 1.019168390336891505e+01 1.140971067991107191e+01 1.140029703921284998e+01 1.136301073335262579e+01 1.128321183406497319e+01 1.116215550374130494e+01 1.104746027342424775e+01 1.095588111561533928e+01 1.082328359642495030e+01 2.480077894557224383e+01 5.214389371185890923e+03 1.860503950083027647e+01 1.580543856899073596e+01 1.473891035217686074e+01 1.427252203348664850e+01 1.392063752106765762e+01 1.363414354267399986e+01
1.063443128880335919e+01 1.063197119749392350e+01 1.061922324588235433e+01 1.056843551480460519e+01 1.047848489922939663e+01 1.038700746615256598e+01 1.030945020666444023e+01 1.019408766567849156e+01 1.136646896388915096e+01 1.136305379020959450e+01 1.134622045828156089e+01 1.128018459755620384e+01 1.116469453363843733e+01 1.105026488241479932e+01 1.095837217614923986e+01 1.082583422716300880e+01 1.744304366875667611e+01 1.860509745905387646e+01 1.399042724574404474e+03 1.612527040533863243e+01 1.475459859821984132e+01 1.418926632646963526e+01 1.394858595773173882e+01 1.364846777658811305e+01
1.057051447119827081e+01 1.057063379308558382e+01 1.056851906168620481e+01 1.055248328803431157e+01 1.048176214110199389e+01 1.039196369025515132e+01 1.031361388894204190e+01 1.019850271223891447e+01 1.128341185363899335e+01 1.128334400690962092e+01 1.128027382486774322e+01 1.125930088667521822e+01 1.116847027319383301e+01 1.105582274933949272e+01 1.096278376549372524e+01 1.083051543775616921e+01 1.577331458505273076e+01 1.580561651089087682e+01 1.612539053930786181e+01 3.835116855010801942e+02 1.488862412606380481e+01 1.420427479551839767e+01 1.392987532470182721e+01 1.366146607038749394e+01
1.047522226404301726e+01 1.047646372520305391e+01 1.047870328456623135e+01 1.048189769925731341e+01 1.047513335560432068e+01 1.040189530920980410e+01 1.032081725942283690e+01 1.020668017650347181e+01 1.116107627867754992e+01 1.116243114219218491e+01 1.116492776673820586e+01 1.116861504976672315e+01 1.115999267268363582e+01 1.106748116230222045e+01 1.097039924562059809e+01 1.083917408290538908e+01 1.507398312316704114e+01 1.473928141578543816e+01 1.475491258289341445e+01 1.488881901713460643e+01 1.128486689556159916e+02 1.427416929483936592e+01 1.394051530943204220e+01 1.366608722026669476e+01
1.038354538336183630e+01 1.038484797500023404e+01 1.038737597622936093e+01 1.039225227724553946e+01 1.040205180667535600e+01 1.041215534140924603e+01 1.033390534097832436e+01 1.022291727729854571e+01 1.104648912161436414e+01 1.104789400300137636e+01 1.105065788171397045e+01 1.105613040115530055e+01 1.106764775518067268e+01 1.108012239424531487e+01 1.098431900968051167e+01 1.085632582481038177e+01 1.417930531506141811e+01 1.427310518982501364e+01 1.418979466269455791e+01 1.420468823298868166e+01 1.427439286156722886e+01 4.055903213137473529e+01 1.396844394293206726e+01 1.368813156906627171e+01
1.030633078879076692e+01 1.030757214524915888e+01 1.030988485378994923e+01 1.031397582154773396e+01 1.032105824950930462e+01 1.033400066896356861e+01 1.034654468751546474e+01 1.024514037796413390e+01 1.095506302014825906e+01 1.095638038362507238e+01 1.095883450278084048e+01 1.096316845182243505e+01 1.097065480015163352e+01 1.098441954638834694e+01 1.099927609386614513e+01 1.087957660148720684e+01 1.391901504763804098e+01 1.392130738063135276e+01 1.394920610066869848e+01 1.393039095540433969e+01 1.394085715046634988e+01 1.396857779693194779e+01 2.108833354713784303e+01 1.372061072659325198e+01
1.019085268138322498e+01 1.019210578483618690e+01 1.019448107508003787e+01 1.019883622882971075e+01 1.020691380694093553e+01 1.022302977943188473e+01 1.024517137247760523e+01 1.025768521909760267e+01 1.082240259050706044e+01 1.082373203605068213e+01 1.082625227962980574e+01 1.083086954380159206e+01 1.083942154838971028e+01 1.085644439879435552e+01 1.087960922088769777e+01 1.089288713368983252e+01 1.365491530409617837e+01 1.363474473341162074e+01 1.364902807299646170e+01 1.366194029209582261e+01 1.366641793199600663e+01 1.368828936582065481e+01 1.372065409024860649e+01 1.568407486215568980e+01
