# Ned's lensIDs, sample 5.txt
7003
7055
7138
7255
7287
7298
7340
7376
7404
7427
7436
7475
7492
7567
7594
7601
7641
7647
7653
7713
7752
7765
7809
7940
7942
7953
8033
8088
8090
8138
8169
8221
8286
8410
8598
8615
8709
8778
8780
9024
9036
9091
9132
9234
9279
9303
9315
14505
14520
14612
14691
14714
14757
14782
14789
14839
15008
15080
15109
15152
15341
15394
15400
15404
15508
15521
15562
15564
15624
16025
16137
16223
16254
16296
16305
16336
16428
16551
16556
16610
16633
16677
16728
16762
16850
16914
16949
16968
16981
17287
17312
17336
17427
21793
21888
21996
22072
22113
22150
22213
22273
22326
22354
22402
22419
22525
22672
22674
22711
22857
22876
22881
22889
22925
22987
23053
23105
23288
23305
23355
23379
23382
23389
23405
23429
23501
23535
23583
23657
23902
23942
24025
24084
24208
24265
24270
24285
24309
24360
24437
24478
28659
28693
28718
30255
30358
30396
30426
30457
30463
30496
30499
30625
30637
30673
30720
30730
30816
30856
30892
30894
31057
31135
31161
31250
31253
31256
31316
31324
31497
31539
31565
31576
31600
31702
31747
31758
31765
31871
31959
31978
32006
32047
32069
32074
32176
32238
32239
32278
32399
32408
32451
32538
32681
36934
36998
37006
37009
37069
38996
39135
39172
39317
39336
39339
39357
39415
39497
39520
39533
39632
39638
39667
39668
39721
39736
39767
39860
39927
40003
40005
40051
40119
40163
40181
40189
40347
40498
40513
40515
40518
40556
40585
40607
40651
40737
40750
40802
40812
40834
40870
40886
40934
40949
40950
41033
41046
41126
41149
41218
41247
41248
41273
41294
41300
41309
47156
47158
47202
47249
47259
47268
47374
47380
47424
47462
47478
47561
47614
47645
47729
47772
47797
47853
47896
47905
47913
47916
47971
47976
48013
48035
48047
48084
48101
48115
48142
48144
48184
48228
48271
48330
48339
48444
48478
48515
48516
48590
48598
48617
48638
48689
48785
48919
48960
49024
49090
49157
49245
49317
49550
49594
49614
49665
49674
49781
53661
53670
53707
53843
53896
54047
54112
54118
54169
54267
54279
54298
54391
54461
54537
54565
54610
54698
54785
54800
54949
54961
54972
54984
55058
55084
55120
55126
55127
55155
55223
55228
55331
55339
55357
55382
55400
55415
55432
55503
55642
55732
55766
55803
55813
55821
55870
55901
56022
56180
56230
56333
56401
56419
56425
56436
62224
62267
62300
62363
62379
62466
62581
62637
62644
62754
62822
63060
63105
63109
63113
63144
63176
63184
63201
63208
63268
63536
63559
63589
63590
63654
63716
63754
63787
63797
63940
64034
64161
64207
64293
64433
64614
64666
64740
64741
64808
64851
64887
64912
65078
65419
65444
65524
69386
69518
69567
69602
69654
69714
69778
69863
69877
69878
69880
69904
69909
69981
70046
70070
70087
70126
70194
70223
70256
70334
70351
70459
70579
70611
70616
70681
70769
70771
70849
70879
70894
70945
70957
70971
70975
70987
71083
71103
71108
71114
71123
71185
71201
71215
71240
71275
71375
71494
71537
71546
71556
71576
71650
77079
77124
77203
77225
77251
77253
77266
77272
77274
77317
77335
77405
77425
77451
77491
77554
77563
77574
77621
77629
77762
77767
77807
77837
77885
77887
77890
77936
77993
78116
78323
78330
78597
78619
78695
78699
78713
78804
78832
78879
79037
79105
79136
79183
79236
79351
79437
79591
79709
79731
79738
79778
79818
79842
83794
83870
83904
83949
83971
84030
84069
84116
84121
84139
84189
84194
84240
84288
84345
84424
84495
84552
84574
84593
84608
84617
84618
84704
84773
84814
84840
84896
84929
84943
85003
85035
85048
85054
85113
85195
85245
85267
85277
85326
85369
85382
85441
85454
85480
85500
85532
85575
85590
85735
85784
85789
86034
86092
86101
86184
86262
91328
91414
91479
91516
91552
91628
91637
91667
91687
91763
91797
91800
91820
91822
91834
91933
91998
92051
92101
92133
92135
92184
92282
92362
92376
92416
92505
92528
92596
92715
92742
92761
92789
92795
92869
92914
92983
93021
93323
93350
93550
93573
93614
93631
93788
93790
97823
97922
97973
97978
98137
98274
98292
98320
98337
98350
98355
98364
98416
98431
98444
98449
98554
98686
98760
98850
98910
98989
99038
99062
99239
99244
99296
99335
99661
99678
99718
99745
99751
99768
99804
99857
99880
99913
99932
100005
100071
100086
105449
105548
105569
105599
105621
105781
105820
105834
105853
105886
105891
105954
105994
106045
106057
106108
106136
106160
106184
106263
106276
106287
106294
106338
106347
106411
106443
106472
106534
106586
106690
106855
106868
106888
106968
107015
107083
107121
107158
107175
107208
107282
107308
107355
107480
107494
107765
107822
107836
107871
116373
116374
116401
116410
116480
116484
116560
116642
116788
116799
116802
116910
117064
117088
117248
117375
117376
117488
117648
117769
117772
117994
118249
118257
118284
118290
118427
118433
118495
118575
119064
119202
119208
122965
122999
123008
123135
123147
123267
123354
123379
123432
123536
123605
123642
123683
123691
123771
123838
124026
124035
124046
124063
124227
124237
124301
124350
124381
124524
124613
124689
124740
124825
124826
124907
124954
124978
125028
125119
125436
125451
125544
125723
125749
129743
129830
129834
130007
130082
130165
130290
130321
130373
130420
130422
130427
130471
130476
130487
130513
130601
130688
130789
130851
130905
131081
131174
131180
131195
131226
131242
131426
131430
131431
131444
131638
131710
131818
131856
131867
131883
131938
131955
131966
132014
132140
132196
132217
132257
132307
132372
132496
132510
136248
136265
136302
136366
136463
136496
136508
136526
136550
136578
136735
136870
136954
136965
137041
137052
137087
137164
137169
137246
137289
137390
137392
137397
137421
137450
137481
137519
137524
137579
137649
137659
137757
137865
137872
137987
138038
138240
138296
138396
138602
138629
138643
138647
138662
138719
138797
138867
138941
139059
143185
143243
143249
143275
143281
143352
143399
143434
143552
143582
143589
143597
143609
143706
143739
143755
143801
143870
143893
144058
144149
144171
144184
144288
144296
144343
144420
144454
144496
144568
144679
144727
144824
144952
145001
145027
145093
145126
145242
145303
145317
145354
145468
145511
145535
145554
145563
145573
145607
145636
145705
163559
163725
163726
163741
163759
163799
163939
163974
164067
164117
164127
164158
164195
164197
164221
164248
164257
164472
164474
164498
164500
164526
164748
164770
164882
164884
164907
165033
165166
165246
165253
165265
165377
165388
165407
165419
165445
165640
165676
165689
165855
165922
166008
166014
166030
166063
166065
166197
166213
166232
166288
170336
170392
170473
170667
170716
170726
170741
170836
170906
171007
171037
171042
171070
171095
171122
171138
171140
171150
171155
171264
171371
171373
171384
171388
171396
171401
171420
171430
171458
171493
171502
171524
171589
171648
171655
171714
171797
171801
171820
171898
172014
172284
172292
172385
172409
172421
172467
172576
172641
172845
172871
172874
172880
176891
176907
176928
176936
176988
177085
177099
177132
177162
177295
177299
177494
177549
177729
177846
177913
177985
178031
178047
178053
178056
178089
178170
178244
178246
178429
178652
178657
178781
178814
178947
178957
179002
179091
179150
179281
179316
179456
179645
183895
184150
184162
184187
184230
184240
184256
184271
184273
184357
184459
184492
184628
184743
184768
184797
184815
184879
184885
185032
185088
185090
185094
185203
185347
185404
185484
185508
185651
185681
185789
185881
185968
185969
185995
186073
186101
186169
186232
186326
186404
186430
186480
186562
186576
186628
186756
186770
186814
196105
196235
196271
196277
196634
196903
197158
197168
197186
197260
197261
197264
197367
197460
197629
197657
197669
197747
197960
198002
198048
198110
198354
198415
198445
198571
198581
198594
198735
198747
202317
202344
202422
202449
202498
202672
202686
202708
202794
202821
202869
203094
203224
203225
203352
203358
203390
203436
203446
203478
203521
203712
203870
204044
204061
204256
204299
204349
204375
204393
204398
204426
204482
204488
204533
204636
204705
205019
205112
208505
208577
208615
208635
208716
208787
208802
208853
208895
209085
209251
209265
209343
209370
209420
209424
209434
209437
209520
209542
209547
209608
209658
209684
209789
209957
210086
210497
210527
210558
210717
210891
210895
210928
210955
210999
211036
211054
214189
214310
214330
214354
214388
214727
214801
214827
214830
214862
214863
214948
214982
215028
215168
215307
215363
215380
215411
215437
215512
215588
215605
215612
215747
215796
215855
215947
216224
216339
216460
216789
216816
216817
216846
216936
216983
217011
218688
218730
219711
219719
219732
219742
219743
219877
219930
219936
219990
219995
220001
220014
220028
220037
220073
220120
220143
220199
220304
220370
220422
220562
220576
220603
220630
220634
220658
220703
220764
220777
220962
221010
221068
221155
221231
221337
227014
227069
227090
227096
227160
227263
227367
227379
227393
227410
227491
227526
227550
227560
227573
227778
227917
227947
227990
228114
228140
228191
228240
228318
228353
228426
228456
228504
228525
228587
228723
228814
228829
228895
228997
229024
229040
229089
229098
229186
229340
229394
229448
229465
230138
230164
230206
230373
230464
230712
230717
230794
230925
230984
230990
231032
231042
231051
231237
231407
231475
231691
237612
237738
237747
237767
237774
237811
237865
237896
237903
237953
238000
238082
238083
238136
238167
238224
238313
238323
238363
238408
238426
238427
238504
238565
238592
238739
238748
238765
238805
238877
238879
239062
239154
239189
239205
239220
239253
239305
239374
239409
239475
239494
239512
239576
239672
239762
239854
239875
240049
240088
240096
240179
240314
240452
240456
240478
240605
240619
249561
249574
249590
249599
249650
249656
249674
249677
249705
249750
249760
249775
249831
249833
249843
249863
249938
249951
249957
250082
250149
250341
250633
250637
250706
250709
250737
250799
250803
250894
250938
250949
251023
251030
251065
251138
251143
251265
251325
251372
251389
251468
251474
251514
251537
251716
251815
251822
251847
251868
251869
252024
252164
252239
252248
252278
252322
260770
260858
260863
260922
260983
260986
260995
261068
261119
261174
261231
261371
261378
261408
261434
261473
261560
261579
261620
261677
261804
261849
261889
261913
262129
262166
262193
262212
262361
262395
262409
262417
262509
262577
262615
262689
262784
262797
262841
263005
263032
263105
263110
263175
263186
265207
265216
265217
265293
265373
265392
265459
265477
265509
265566
265579
265604
265686
265740
265876
265888
266115
266139
266161
266183
266259
266335
266377
266590
266687
266824
266952
266957
267011
267085
267135
267183
267186
267349
267387
267398
267405
267411
267439
271418
271473
271545
271570
271757
271770
271803
271847
271933
271997
272041
272079
272116
272160
272229
272339
272403
272426
272533
272786
272832
272909
272916
272936
272960
273006
273059
273065
273195
273261
273301
273415
273451
273516
273550
273613
273621
273669
273688
273847
273891
273980
278097
278142
278183
278188
278213
278281
278473
278516
278551
278716
278734
278915
279156
279252
279371
279394
279426
279448
279470
279501
279670
279819
279845
279873
280110
287619
287626
287628
287633
287763
287773
287803
288005
288058
288087
288089
288106
288132
288289
288512
288525
288539
288552
288553
288586
288587
288623
288696
288699
288728
288731
288795
288859
288911
288921
289120
289137
289169
289177
289182
289339
289340
289485
289509
289532
289587
289625
289640
289646
289662
289665
289840
289885
289887
290050
290085
290100
290141
290200
290227
290232
290268
290436
296525
296626
296672
296678
296688
296702
296730
296749
296770
296776
296781
296932
296938
296945
297024
297025
297029
297032
297313
297600
297641
297712
297765
297802
297917
297921
298000
298091
298093
298099
298119
298140
298315
298375
298399
298407
298415
298435
298460
298518
298617
298618
298646
298686
298718
298740
298915
298946
298963
299021
299133
300351
300370
300446
300513
300601
300605
300723
300725
300759
301000
301009
301043
301159
301243
301348
301458
301605
301639
301691
301808
302010
302268
302339
302369
302374
302457
302522
302585
302625
302627
302670
302776
302781
302877
302885
302914
303013
318663
318665
318681
318701
318788
318792
318899
318943
318947
318972
318982
319029
319030
319107
319142
319246
319305
319386
319417
319451
319521
319529
319736
319827
319932
319939
319942
320105
320211
320285
320419
320475
320605
320648
320681
320702
320729
320783
320865
320895
320916
320942
320988
321041
321097
321125
321173
321271
321313
321475
321478
322767
322993
323012
323038
323045
323129
323375
323384
323509
323614
323633
323774
323775
323959
324088
324101
324131
324165
324255
324418
324504
324601
324691
324804
324816
324938
324960
324981
325017
325046
325178
325215
325223
325342
325355
325426
325531
341430
341538
341546
341558
341634
341680
341736
341846
341859
341874
341889
341942
342042
342071
342075
342109
342189
342204
342234
342254
342302
342511
342565
342658
342698
342754
342765
342767
342829
342830
342832
342972
343019
343038
343077
343152
343254
343355
343518
343670
343712
343745
343818
343863
343936
344014
344020
345404
345526
345527
345581
345583
345629
345636
345660
345661
345683
345722
345884
346008
346018
346218
346271
346508
346551
346554
346585
346719
346760
346904
346911
346992
347049
347175
347189
347293
347399
347535
347550
347578
347677
347838
347851
347931
347993
348036
348133
348240
361594
361609
361696
361734
361771
361801
361809
361850
361965
362020
362033
362112
362262
362607
362608
362797
362842
362915
362926
362934
362973
363007
363051
363137
363198
363206
363236
363246
363249
363344
363392
363532
363559
363640
363668
363669
363810
363816
363837
363876
363944
364087
364182
365296
365340
366939
366987
367004
367005
367068
367153
367162
367167
367317
367327
367336
367339
367344
367352
367389
367429
367488
367550
367565
369169
369172
370850
370854
370867
370903
370940
371024
371062
371181
371213
371254
371265
371485
371648
371668
371730
371758
371800
371828
371911
371913
371916
371935
372213
372267
372360
372576
372664
372753
372887
372895
372977
373024
373157
373178
373209
373341
373371
375488
375505
375696
376030
376031
376038
376079
376138
376268
376535
376558
376574
376709
376785
376786
377026
377051
377094
377101
377143
377171
377266
377270
377285
377326
377336
377345
377383
377522
377557
377566
377609
377617
377622
377627
377662
377701
377713
377765
378063
378092
380968
381109
381345
381389
381411
381712
381803
381840
381908
381935
381978
381993
382014
382027
382035
382123
382155
382159
382241
382279
382297
382371
382476
382543
382552
382663
382668
382705
382721
382745
382771
382796
382800
382802
382907
382933
382968
383072
383167
383214
383273
383331
383335
386487
386493
386541
386619
386721
386757
386804
386805
386879
386975
386977
387088
387113
387139
387163
387330
387374
387377
387426
387502
387551
387584
387653
387720
387732
387799
387812
387819
387872
387935
387943
388063
388354
388385
388512
388597
388617
388671
388678
396565
396620
396631
396657
396667
396709
396835
396872
396874
396922
397125
397147
397196
397287
397336
397337
397357
397363
397385
397410
397452
397477
402242
402296
402332
402337
402459
402495
402516
402538
402654
402866
402885
402941
417379
417434
417638
417699
417715
417811
417813
417985
418005
418087
418212
418272
418278
418636
418649
418659
418680
418791
418813
418838
418839
418843
418919
418958
419012
419018
419046
419087
419159
419289
419313
419489
419584
419623
419676
422015
422039
422127
422135
422284
422288
422330
422372
422386
422476
422589
422660
422661
422798
422875
423193
423202
423294
423306
423317
423329
423357
423485
423556
423572
423672
423752
423774
423779
425613
425684
425692
425699
425714
425741
425744
425752
425798
425817
425840
425841
425855
425881
425900
460306
460485
460579
460626
460680
460734
460855
463230
463260
463268
463334
463397
463410
463453
463457
463464
463497
463606
463640
484651
484654
484693
484921
485058
485068
485162
485237
485238
485282
485293
485462
485494
485502
485574
485610
485645
485649
485671
485672
485713
485929
486046
486115
486222
486369
486399
486433
486616
486693
486713
486745
486764
486793
486827
486906
487064
487184
487197
491440
491551
491589
491607
491658
491682
491750
491829
492029
492055
492071
492105
492125
492131
492137
492200
492202
492209
492234
492294
492296
492324
492399
492404
492451
492477
492514
492520
492527
492530
492655
492691
492774
492887
492920
492977
492987
493022
493106
493108
493176
493205
493216
493222
493300
493431
493523
493542
493543
493613
493627
493941
493965
497008
497045
497061
497065
497113
504958
505071
505170
505323
505339
505369
505374
505426
505436
505493
505557
505768
505770
505889
505973
506013
506018
506050
507876
507908
507977
508124
508141
508193
508223
508300
508314
508363
508385
508389
508544
508567
508640
508691
508696
508731
508781
508809
508884
508941
508987
509076
509101
509125
509166
509199
509249
509280
509353
509398
509410
509432
509523
509531
509600
509630
509754
511442
511468
511490
511550
511734
511791
511814
511865
511879
511901
511939
511982
512052
512145
512195
512351
512517
512532
512534
512543
512613
512868
512934
513014
513130
513299
513326
513330
514033
514136
514213
516772
517011
517322
517500
517681
517687
517781
517800
517818
517857
518000
518115
518277
518285
518291
518525
518544
518602
518673
518705
518706
518931
518938
519033
519036
519093
521345
521400
521409
521575
521621
521678
521699
521735
521854
521925
522152
522171
522186
522247
527815
534800
534807
534867
534914
534979
535064
535118
535130
535133
535137
535151
535152
535156
535211
535227
535237
535255
535322
535374
535461
535464
535489
535608
535827
535927
535966
535982
536008
536089
536096
536126
536177
536332
536397
536444
536492
536539
536577
536659
536663
536671
536685
536698
536732
536742
536904
537005
537008
537039
537058
537061
537080
537113
537131
537157
537253
537288
537379
537398
537416
537431
537443
537464
537513
537588
537590
537597
543468
543562
543664
543771
543807
543822
543832
543963
543977
544215
544306
544327
544377
544456
544546
544579
544676
544754
544784
544969
545006
545013
545058
545135
545308
545377
545437
545449
545518
545563
545575
545747
545761
545861
546034
546101
547844
547849
547937
548808
549126
549206
549258
549327
549362
549432
549526
549591
549600
549613
549614
549618
549799
549825
549878
549914
549935
549977
550019
550158
550311
550359
550362
550397
550403
550461
550462
550602
550709
550723
550814
550908
551045
551151
551299
551311
551339
551355
551480
551626
551661
551675
558915
558933
558977
558997
559106
559154
559337
559355
559467
559510
559637
559734
559747
559920
559931
559947
559984
559998
560040
560078
560086
560097
560136
560151
560161
560174
560219
560257
560314
560319
560338
560360
560389
560452
560560
560608
560611
560749
560838
560917
560937
561061
561115
561123
561195
561379
561409
561427
561520
561605
561686
561692
561774
561799
561950
567475
567519
567555
567583
567629
567754
567768
567773
567807
567859
567932
567945
568020
568047
568087
568138
568185
568251
568274
568279
568284
568330
568333
568404
568429
568533
568550
568690
568709
568720
568731
568735
568743
568770
568790
568793
568816
568845
568866
568937
568984
569111
569183
569261
569303
569371
569432
569586
569619
569674
569678
569716
569732
569733
569750
569820
569822
569889
569917
570123
570139
570155
570188
570375
573622
573636
573883
573885
573913
574098
574105
574288
574322
574340
574525
574549
574617
574740
574767
574880
574899
574962
574976
574982
574984
575166
575172
575214
575383
575418
575419
575426
575467
575627
575631
575669
575686
583360
583386
583447
583478
583493
583513
583586
583636
583783
583873
583927
583958
584054
584061
584311
584314
584422
584473
584495
584524
584579
584600
584607
584625
584656
584658
584707
584794
584898
584912
584919
584927
584936
585004
585086
585124
585160
585234
585283
585305
585326
585397
585417
585439
585457
585475
585483
585495
585499
585501
585551
585556
585631
585759
586476
586482
586483
586489
586541
586578
586606
592131
592132
592335
592344
592481
592484
592568
592581
592632
592641
592676
592683
592688
592719
592804
592840
592843
592862
592908
592940
592961
592971
593175
593202
593203
593207
593208
593349
593399
593406
593478
593485
593496
593525
593727
593744
593802
593811
593822
593884
593916
594064
594268
594441
594464
594466
594577
594762
594812
594862
594869
594933
594943
594957
594959
598868
598876
598935
598940
599014
599137
599270
599308
599376
599394
599412
599432
599487
599514
599576
599592
599821
599829
599833
599840
599945
599970
600031
600038
600234
600243
600244
600253
600300
600430
600674
600675
600696
600753
600810
600923
600934
601032
601063
601154
601218
601220
601433
601458
601468
601483
601516
601585
609169
609177
609188
609205
609206
609346
609434
609553
609575
609667
609753
609776
609783
609794
609895
609923
609952
609993
609996
610113
610140
610188
610198
610208
610267
610320
610544
610614
610645
610651
610661
610675
610678
610682
610808
610849
610850
610872
610875
610896
610996
611032
611075
611079
611273
611308
611309
611337
611354
611536
611604
611719
611740
611751
617509
617529
617640
617677
617848
617964
618103
618254
618391
618464
618479
618530
618617
618756
618804
618823
618826
618872
618889
618949
619010
619041
619077
619196
619483
619493
619566
619569
619612
619640
619644
619742
619783
619821
619864
619921
619960
619965
620024
620027
621994
621997
622053
622063
622147
622201
622255
622260
622374
622457
622638
622640
622645
622677
622726
622926
623079
623086
623182
623184
623270
623507
623552
623637
623640
623783
623790
623805
623806
623873
636232
636326
636479
642015
642052
642118
642149
642166
647248
656687
656776
659932
659935
660105
660119
663329
663416
663514
691107
692271
692360
692627
695091
695480
696613
707292
715717
717035
723805
723890
748601
784093
829128
848668
851283
852588
905555
909230
916759
937701
947997
3552385
3552389
3552528
3553750
3557997
3575806
3575844
3575875
3577657
3577961
3578205
3580501
3580980
3581742
3581934
3582335
3582485
3582556
3583012
3584327
3585241
3585652
3585814
3587381
3587408
3588254
3588283
3588954
3589005
3591059
3591241
3591858
3592615
3592890
3593076
3593329
3593523
3593609
3593769
3593821
3593943
3599187
3601183
3603260
3603282
3604945
3605245
3606358
3606605
3607391
3608252
3608954
3609743
3610095
3610126
3610801
3611603
3611959
3612326
3612923
3613176
3614701
3615261
3615274
3615322
3615458
3615584
3616241
3616388
3617156
3617459
3617843
3618083
3622182
3622405
3623501
3623612
3626181
3626246
3626641
3626882
3627164
3627375
3627570
3627916
3627947
3628314
3628324
3630809
3630900
3632446
3633756
3853290
3853390
3853767
3854465
3857300
3857861
3858296
3858491
3859130
3859497
3859679
3860118
3860398
3860464
3863008
3863467
3864782
3864894
3865185
3865822
3865964
3866237
3866435
3867065
3867757
3868160
3868715
3869239
3874946
3874972
3875284
3877017
3877600
3877835
3877883
3878662
3879417
3881003
3881658
3881747
3882467
3882985
3883276
3884186
3885001
3885935
3886010
3887166
3887918
3887999
3889267
3889492
3889546
3889776
3890034
3890094
3890194
3891055
3891260
3891621
3891640
3891702
3891939
3895976
3896593
3897378
3898235
3899304
3900834
3900947
3901147
3901336
3901768
3902069
3902548
3902586
3902591
3903190
3903199
3905608
3905722
3905872
3906339
3906697
3907558
3908115
3909387
3909515
3909692
3909961
3909988
3910146
3911502
3912430
3912450
3912551
3912708
3913623
3914032
4137562
