# Ned's lensIDs, sample 3.txt
6826
6839
6846
6859
6886
6956
7008
7069
7179
7267
7311
7472
7579
7747
7866
7921
7996
8045
8077
8112
8132
8176
8223
8300
8305
8314
8341
8491
8539
8872
8957
8975
8990
9066
9114
14474
14524
14582
14786
14832
14980
15116
15177
15189
15190
15203
15229
15266
15279
15342
15360
15386
15638
15660
15668
15678
15686
15825
15853
15977
16043
16243
16295
16334
16360
16395
16472
16520
16533
16761
16796
16838
16941
17099
17416
21787
21789
21813
21833
21863
21930
21976
22026
22046
22075
22162
22168
22440
22481
22511
22520
22555
22584
22600
22687
22854
22871
22935
23027
23094
23119
23148
23156
23318
23484
23579
23589
23833
24087
24105
24127
24170
24279
24427
24483
24508
28792
28842
30298
30326
30340
30423
30448
30501
30537
30837
30845
30889
30930
30946
30952
31094
31153
31167
31190
31219
31222
31274
31318
31418
31442
31466
31475
31514
31518
31599
31688
31741
31897
31919
31983
32269
32400
32456
32556
32559
32671
36924
36976
37054
37086
38986
39123
39140
39169
39174
39305
39310
39393
39480
39536
39611
39647
39650
39652
39659
39862
39867
39934
39968
39970
40052
40059
40113
40214
40363
40470
40478
40566
40686
40710
40829
40988
41004
41111
41136
41159
41201
41233
41263
41281
41297
41303
41368
47458
47461
47509
47516
47541
47588
47747
47759
47763
47776
47794
47799
47819
47826
47902
48077
48096
48214
48374
48465
48652
48669
48707
48801
48811
48839
48931
48965
49006
49175
49183
49196
49249
49270
49278
49496
49790
49826
49865
53669
53702
53712
53756
53761
53914
53919
54031
54190
54400
54471
54472
54583
54599
54653
54796
54802
54808
54870
54888
54991
55073
55111
55251
55281
55282
55329
55379
55408
55433
55683
55806
55844
56065
56147
56431
62148
62178
62183
62369
62438
62476
62620
62626
62943
63033
63061
63080
63102
63241
63278
63282
63340
63390
63399
63576
63644
63799
63933
63969
63976
64030
64088
64095
64164
64165
64212
64292
64431
64650
64661
64844
64908
65415
65417
65472
69393
69450
69464
69496
69499
69526
69569
69610
69696
69783
69784
69937
70049
70100
70123
70152
70241
70354
70391
70446
70547
70650
70735
70764
70800
70817
70823
70876
70888
71070
71245
71407
71430
71433
71481
71484
71525
71663
77171
77211
77319
77363
77548
77622
77653
77678
77729
77757
77870
77925
77931
78150
78348
78407
78463
78472
78549
78551
78558
78587
78669
78672
78726
78950
79137
79287
79298
79527
79534
79599
79757
83835
83901
83927
83947
83966
84020
84211
84233
84236
84279
84290
84333
84377
84459
84521
84619
84642
84646
84676
84679
84693
84712
84751
84754
84793
84797
85018
85022
85159
85162
85167
85177
85219
85227
85247
85288
85292
85398
85417
85763
85788
85792
86156
86273
91558
91716
91867
92065
92369
92412
92503
92541
92550
92586
92617
92709
92775
92828
92878
92946
92975
92994
92995
93024
93266
93341
93345
93513
93699
93776
93792
93813
93905
97709
97720
97797
97913
97932
98133
98151
98214
98557
98623
98790
98859
98922
98962
98987
99092
99102
99139
99164
99205
99241
99265
99266
99286
99398
99509
99574
99672
99677
99784
99803
99841
99855
99876
99927
99936
100076
100085
100157
105530
105547
105701
105714
105727
105737
105804
106107
106116
106313
106451
106563
106682
106691
106703
106777
106931
107023
107116
107200
107203
107209
107235
107422
107666
116683
116748
116948
117107
117110
117149
117152
117443
117476
118338
118612
118903
118938
119002
119048
119201
122927
123006
123028
123209
123383
123603
123639
123650
123653
123830
123878
123928
123956
124003
124048
124070
124161
124270
124313
124369
124642
124678
124686
124690
124807
124810
124950
125155
125186
125412
125423
125500
125661
125705
125722
129723
129751
129996
130035
130036
130186
130215
130293
130329
130451
130468
130486
130491
130494
130624
130657
130667
130879
130944
130979
131131
131171
131372
131383
131398
131551
132061
132114
132158
132219
132275
132336
132490
132520
136203
136221
136326
136352
136471
136584
136590
136696
136746
136858
136873
136896
136899
136921
136955
137044
137186
137188
137267
137292
137454
137632
138073
138175
138178
138187
138212
138297
138330
138522
138886
138887
143115
143134
143261
143350
143366
143367
143386
143540
143580
143639
143644
143653
143692
144003
144080
144199
144456
144642
144778
144780
144851
145178
145337
145360
145416
145557
145627
145715
163652
163654
163690
163756
163775
163807
163810
163911
163942
163966
163976
163988
164212
164255
164462
164479
164515
164579
164651
164924
164961
164966
165024
165129
165259
165351
165584
165631
165659
165777
165795
165829
165910
165955
166117
166150
170429
170435
170475
170477
170507
170512
170679
170728
171100
171102
171107
171162
171181
171379
171409
171511
171582
171673
171922
171979
172008
172030
172061
172283
172638
172731
172842
172896
172983
173029
176813
176918
176971
176989
177123
177254
177341
177364
177395
177401
177437
177612
177614
177634
177640
177786
177882
177932
177941
178108
178109
178176
178273
178294
178804
178819
179099
179148
179153
179175
179206
179328
179353
179359
179398
179664
183893
184017
184087
184123
184124
184129
184148
184214
184308
184428
184531
184586
184627
184660
184687
185034
185132
185138
185245
185271
185277
185429
185453
185455
185477
185662
185708
186035
186602
186632
186657
196243
196283
196375
196812
197749
197842
198210
198240
198319
198520
198804
202661
202694
202835
202902
202973
203033
203051
203184
203489
203736
203950
204347
204399
204485
204512
204652
204694
204873
208491
208556
208783
208919
208933
209027
209052
209316
209362
209502
209518
210029
210851
211049
214444
214456
214480
214572
214743
214970
215004
215236
215302
215352
215763
216028
216040
216165
216269
216294
216760
216855
216982
216994
216998
218669
218742
219721
219748
219761
219766
219800
219858
219961
219983
219991
219996
220010
220036
220159
220283
220301
220512
220728
220954
221049
221094
221104
221276
221417
221426
227214
227231
227355
227357
227546
227936
228123
228147
228248
228437
228581
228589
228657
228671
228684
228718
228762
228896
228945
228946
228991
229187
229211
229372
229376
229498
230165
230274
230308
230527
230540
230571
231034
231267
231482
231723
231801
231936
237645
238081
238087
238107
238489
238505
238658
238809
238842
238906
238996
239035
239036
239156
239160
239516
239534
239569
239575
239588
239613
239623
239770
239833
239853
239923
240073
240081
240151
240199
240223
240404
240618
240629
241911
249544
249550
249572
249640
250034
250048
250066
250475
250564
250568
250692
250882
250911
251014
251029
251046
251094
251123
251124
251144
251193
251231
251237
251239
251284
251304
251351
251353
251538
251540
251581
251623
251747
252032
252077
252167
252225
252301
260780
260855
260862
260974
261156
261213
261235
261296
261422
261457
261621
261724
261880
261893
261936
262022
262048
262155
262337
262404
262493
262502
262519
262528
262680
262688
262800
262880
262884
262920
262961
263073
263088
265029
265041
265116
265226
265269
265412
265584
265606
265844
265897
266075
266378
266424
266491
266499
266541
266791
266817
266928
266997
267000
267078
267082
267093
267131
267146
267381
267386
267410
267528
267616
271453
271507
271518
271575
271584
271790
271876
271922
272155
272314
272417
272491
272523
272589
272894
272966
272974
273000
273036
273061
273184
273322
273452
273666
273834
273865
273899
273954
278099
278151
278202
278248
278408
278433
278640
279053
279079
279327
279423
279540
279599
279855
279889
279945
280027
287607
287709
287893
287908
287909
287916
287932
288062
288304
288397
288422
288448
288558
288624
288626
288691
288734
288817
288857
288912
289132
289207
289272
289354
289421
289453
289630
289726
289875
289964
290014
290115
290117
290183
290356
296523
296565
296717
296831
296836
296861
296954
297141
297643
297866
298103
298157
298185
298193
298225
298321
298337
298344
298391
298402
298433
298464
298551
298739
298937
299061
299063
299122
300345
300422
300441
300628
300722
300879
301017
301035
301107
301760
301893
301899
301992
302000
302030
302059
302100
302134
302250
302272
302289
302445
302473
302494
302851
302874
303123
303143
318727
318776
319232
319296
319365
319564
319672
319901
320066
320108
320187
320304
320309
320335
320391
320429
320447
320463
320497
320501
320540
320773
320792
320799
320819
320870
320888
320894
320943
320972
321167
321295
321353
321442
321471
321480
322885
323010
323015
323020
323075
323282
323320
323353
323479
323499
323503
323598
324028
324049
324100
324124
324138
324159
324164
324210
324232
324303
324334
324338
324415
324453
324656
324661
324693
324722
324885
324891
325208
325385
325396
325401
325418
325479
341667
341714
341907
342122
342210
342229
342406
342689
342792
342793
342795
342796
342910
342952
342975
343007
343025
343058
343066
343118
343122
343194
343239
343300
343403
343480
343674
343728
343851
343865
345428
345535
345591
345603
345688
345885
345897
345932
346010
346048
346141
346147
346260
346525
346590
346799
346919
347011
347281
347353
347377
347401
347727
347769
347902
347920
347973
348063
361647
361814
361976
362056
362078
362106
362159
362276
362348
362374
362418
362498
362605
362805
362836
362865
362878
362943
362967
363141
363283
363408
363413
363422
363515
363551
363715
363835
364026
365287
365392
366952
367201
367251
367323
367363
369139
369150
370909
370969
371174
371340
371464
371498
371626
371689
371757
371863
371995
372078
372167
372354
372388
372502
372581
372607
372989
373275
373330
373337
375398
375539
375545
375548
375559
375804
375817
375926
375956
376068
376225
376555
376836
376915
376951
377007
377084
377091
377158
377319
377411
377844
377865
378018
380738
380765
380803
380810
381147
381247
381386
381500
381720
381903
382016
382083
382588
382605
382685
382827
382985
386368
386570
386978
387091
387123
387165
387612
387704
387815
388174
396586
396653
396837
396907
396918
396947
396967
396971
397162
397317
397358
402219
402449
402708
402754
402842
417356
417417
417450
417476
417477
417504
417528
417729
417867
418138
418270
418349
418595
418603
418851
418871
418876
419062
419158
419162
419168
419209
419380
419458
419542
419558
419586
419684
422007
422076
422298
422391
422503
422841
423034
423083
423102
423179
423400
423432
423522
423682
423733
423751
425707
446722
460491
460639
460647
460670
460743
460834
460846
460871
463120
463189
463222
463297
463448
463512
484684
484727
484784
484801
484805
484810
484836
484874
484913
484938
485095
485151
485317
485321
485351
485415
485420
485472
485664
486005
486303
486351
486504
486568
486580
486695
486709
486736
486826
486928
487039
487069
491532
491547
491562
491580
491656
491668
491752
491977
491984
492074
492206
492409
492439
492518
492596
492627
492670
492674
492869
493026
493197
493294
493320
493569
493575
493605
493642
493866
493883
493962
496941
496972
497066
497126
504233
504321
505201
505318
505802
505923
506031
506033
507755
507762
507769
507905
507928
507958
508003
508055
508668
508702
508722
508876
508890
508994
509273
509298
509441
509492
509560
509645
509653
509714
509736
509890
511464
511516
511523
511542
511592
511607
511678
511705
511773
511798
511826
511827
511920
511993
512021
512070
512114
512293
512386
512744
512908
512991
512998
513012
513026
513041
513115
513234
513315
514038
514199
514201
516882
517073
517123
517296
517345
517593
517680
517775
517880
517997
518045
518074
518087
518223
518245
518287
518341
518486
518499
518516
518517
518583
518595
518605
518800
518876
518990
519106
521700
521766
521832
521865
521935
522106
522126
522141
527982
527989
528001
534588
534592
534790
534879
534943
535163
535292
535453
535570
535675
535734
535902
535905
535910
535922
535971
535980
536012
536145
536267
536273
536290
536293
536794
537000
537035
537085
537106
537235
537326
537352
537369
537374
537515
537518
543648
543694
543757
544033
544079
544086
544157
544163
544181
544269
544286
544289
544302
544303
544361
544514
544618
544710
544983
545034
545316
545335
545406
545444
545519
545666
545707
545877
545895
545915
545974
546031
547821
547877
549176
549342
549383
549510
549514
549515
549541
549584
549844
549862
550037
550432
550458
550504
550562
550575
550587
550593
550595
550628
550665
551200
551373
551633
558995
559011
559133
559150
559188
559238
559258
559282
559381
559454
559472
559500
559636
559658
559838
559866
559881
559903
559966
559976
560035
560091
560123
560128
560137
560190
560293
560571
560590
560781
560872
560881
560919
560925
561039
561105
561137
561154
561276
561279
561385
561416
561421
561432
561493
561533
561778
561945
561962
562002
562012
567589
567731
567732
567782
567813
567867
568230
568259
568372
568402
568492
568512
568567
568577
568623
568666
569112
569125
569143
569177
569352
569478
569488
569630
569734
569743
569745
569783
569801
570290
573589
573680
573821
573888
574037
574070
574147
574842
575046
575154
575436
575508
575648
575663
583340
583611
583750
583813
584060
584115
584121
584134
584145
584177
584256
584313
584419
584423
584459
584488
584497
584517
584528
584638
584983
585033
585045
585266
585295
585436
585511
585622
585627
585666
585758
586400
586459
592091
592120
592287
592345
592357
592369
592388
592521
592569
592750
592864
592942
592993
593000
593256
593298
593400
593450
593738
593741
593762
593773
593856
593909
593941
594109
594161
594401
594444
594452
594454
594484
594539
594598
594813
594819
594821
594976
598981
599132
599155
599477
599498
599551
599631
599650
599692
599695
599964
600083
600329
600415
600783
601019
601577
609180
609207
609226
609309
609514
609624
609781
609870
609875
609878
609911
609994
610281
610287
610332
610356
610566
610613
610646
610726
610871
610985
611074
611310
611607
611717
611759
617565
617633
617637
617845
617897
618055
618387
618414
618456
618460
618538
618543
618795
618913
619043
619045
619424
619443
619532
619655
619697
619827
619907
620169
622055
622128
622265
622413
622921
623066
623142
623479
636315
641986
642055
642112
642113
656596
656627
656800
660109
660123
690136
690185
692472
692577
693318
695455
696334
696537
703876
717314
717319
727091
728175
740319
745252
746934
747996
748838
773411
782894
794685
833803
889525
905871
908701
916807
916943
921080
927802
949044
950858
951803
3147171
3552478
3552646
3553636
3554927
3575562
3577392
3578165
3578238
3578934
3581341
3582232
3583005
3583387
3583606
3584181
3585205
3585458
3586714
3586837
3588068
3588303
3588464
3589387
3589644
3590040
3590172
3590607
3590615
3591595
3591789
3591792
3592053
3592291
3592418
3592599
3599549
3601644
3603091
3603432
3604441
3605184
3605598
3607494
3609012
3609034
3609209
3609696
3609923
3610784
3612210
3612650
3614757
3616609
3616917
3617054
3623217
3623218
3623317
3623747
3625135
3625738
3625767
3627159
3627531
3629120
3629720
3629773
3634366
3635084
3852113
3852185
3852956
3856379
3856761
3858728
3862289
3862404
3865974
3867153
3867803
3874194
3876400
3876920
3877794
3878097
3878334
3878572
3879656
3879770
3880312
3880740
3880986
3881417
3881715
3883391
3883979
3885096
3886914
3887696
3888990
3889164
3889346
3889860
3895583
3896554
3897042
3897430
3899052
3899938
3900301
3900591
3902589
3902910
3904977
3905449
3908021
3908247
3908423
3908509
3908903
3910360
3911101
3911312
3911794
3912236
3912936
3912972
3913935
4116933
