# Ned's lensIDs, sample 2.txt
7003
7006
7055
7138
7141
7257
7298
7340
7376
7404
7427
7436
7492
7567
7641
7647
7713
7738
7740
7752
7809
7940
7942
7949
7953
8037
8088
8090
8138
8145
8221
8286
8307
8615
8709
9036
9091
9132
9279
9303
9315
14612
14714
14757
14782
14839
14864
14879
15008
15080
15109
15341
15394
15400
15404
15508
15521
15562
15564
15984
16025
16137
16216
16223
16254
16296
16305
16336
16551
16600
16604
16610
16633
16728
16762
16914
16949
16981
17287
17312
21888
21996
22022
22062
22072
22113
22213
22326
22354
22416
22525
22587
22674
22711
22776
22857
22876
22881
22889
22984
22987
23053
23288
23297
23305
23355
23379
23382
23389
23429
23501
23535
23583
23902
24025
24265
24270
24309
24360
24437
24478
28693
30255
30396
30426
30496
30499
30625
30637
30673
30720
30730
30816
30892
30894
31063
31135
31161
31173
31176
31180
31250
31256
31316
31497
31539
31565
31807
31938
32026
32069
32074
32176
32238
32408
32440
32538
32681
36934
37006
37009
37069
39135
39172
39317
39336
39339
39357
39389
39415
39497
39520
39533
39632
39638
39644
39668
39736
39767
39860
39927
40003
40161
40163
40181
40189
40347
40498
40513
40515
40518
40559
40607
40737
40789
40812
40834
40870
40886
40950
41149
41218
41247
41248
41294
47158
47268
47374
47380
47424
47462
47548
47561
47614
47629
47729
47797
47853
47916
47976
48013
48035
48084
48101
48142
48144
48184
48321
48330
48515
48516
48590
48638
48640
48785
48960
49024
49090
49157
49245
49317
49376
49550
49594
49665
49674
49781
53661
53670
53686
53707
53813
53843
53849
53876
53878
53896
53975
54169
54267
54276
54298
54565
54610
54698
54785
54800
54949
54984
55058
55084
55120
55126
55127
55155
55223
55228
55331
55357
55432
55642
55661
55766
55803
55821
55838
56022
56066
56180
56333
56419
56425
56429
56436
62267
62300
62363
62379
62466
62581
62637
62644
62754
63060
63066
63109
63113
63176
63208
63322
63632
63662
63663
63787
63797
63812
64161
64207
64293
64614
64666
64734
64741
64808
64851
64912
65039
65078
65524
69375
69386
69518
69549
69567
69602
69654
69714
69778
69863
69877
69878
69909
69981
70070
70087
70194
70200
70223
70334
70351
70376
70459
70579
70611
70616
70749
70769
70849
70945
70957
70971
71103
71108
71114
71123
71229
71375
71494
71546
71576
71593
71702
77124
77203
77240
77251
77253
77266
77272
77274
77405
77563
77609
77621
77762
77807
77837
77885
77887
77890
77993
78116
78189
78320
78323
78543
78555
78619
78699
78713
78804
78879
79035
79064
79183
79204
79437
79591
79709
79731
79738
79778
83825
83870
83904
83949
84069
84121
84139
84189
84194
84240
84288
84424
84495
84608
84617
84618
84704
84814
84840
84929
84977
85003
85048
85054
85113
85195
85267
85277
85326
85441
85480
85500
85575
85590
85784
86034
86092
86094
86101
86184
86262
91328
91414
91479
91516
91543
91628
91667
91685
91687
91738
91763
91797
91822
91878
91913
91933
91998
92101
92133
92135
92184
92282
92324
92376
92416
92505
92596
92642
92715
92742
92761
92789
92795
92860
92869
92914
92921
92966
92983
93021
93261
93323
93350
93550
93614
93631
93720
93788
93790
97922
97973
98137
98274
98292
98320
98350
98355
98364
98416
98431
98589
98686
98828
98850
98875
98910
99038
99062
99103
99244
99296
99301
99335
99678
99718
99751
99768
99880
100005
100171
105449
105548
105569
105599
105621
105634
105820
105834
105853
105954
105994
106108
106128
106276
106287
106294
106347
106411
106443
106472
106534
106586
106690
106821
106855
106868
106888
106968
107015
107083
107090
107098
107121
107158
107175
107208
107282
107355
107413
107765
116374
116401
116410
116480
116484
116560
116642
116799
116802
116910
117064
117373
117375
117488
117648
117994
118082
118495
118575
119081
119202
119208
123008
123135
123147
123267
123354
123379
123432
123536
123605
123683
123691
123798
123936
124026
124035
124046
124063
124227
124237
124301
124350
124381
124524
124613
124689
124740
124825
124826
124907
124978
125119
125451
125723
125749
125753
129743
129771
129807
129830
129834
129920
130007
130082
130141
130165
130290
130321
130420
130422
130471
130487
130601
130789
130851
130905
131089
131195
131226
131242
131430
131431
131818
131856
131867
131883
131938
131966
132140
132196
132307
132372
132493
132510
132514
136265
136302
136366
136496
136508
136526
136550
136578
136735
136870
136954
136965
137041
137052
137132
137164
137246
137289
137328
137397
137450
137519
137524
137529
137649
137711
137865
137872
138038
138240
138296
138396
138602
138629
138643
138647
138662
138867
139138
143185
143243
143249
143281
143352
143434
143582
143609
143739
143755
143870
143876
143987
144151
144171
144288
144343
144454
144727
144818
144941
144995
145001
145027
145044
145317
145354
145468
145535
145573
145636
163711
163759
163799
163939
163974
164067
164117
164127
164158
164195
164197
164221
164248
164257
164337
164472
164498
164526
164748
164770
164882
164884
164907
165033
165154
165166
165246
165265
165377
165388
165407
165445
165640
165656
165689
165855
166008
166030
166213
166288
170336
170392
170473
170667
170726
170741
170836
170906
171007
171037
171042
171070
171095
171122
171138
171140
171150
171277
171371
171373
171384
171388
171396
171401
171420
171430
171458
171474
171493
171502
171524
171532
171655
171714
171797
171801
171898
171923
172014
172292
172409
172467
172486
172641
172871
172874
172880
176891
176907
176928
176936
176988
177085
177099
177162
177299
177494
177615
177639
177846
177913
177985
178031
178047
178053
178089
178170
178244
178375
178429
178517
178781
178947
178957
179002
179091
179150
179281
179316
179456
179540
179598
179645
183895
184000
184150
184230
184240
184256
184271
184273
184357
184459
184524
184628
184768
184797
184815
184879
184885
185020
185032
185088
185094
185203
185347
185404
185484
185651
185681
185752
185789
185881
185968
185969
185995
186073
186101
186169
186326
186404
186430
186480
186562
186576
186628
186756
186770
186814
196105
196235
196271
196277
196634
196948
197158
197168
197186
197260
197261
197264
197367
197655
197657
197669
197747
197919
197960
198110
198361
198415
198445
198571
198581
198735
202317
202344
202498
202672
202708
202821
202830
202855
202869
203094
203224
203225
203413
203436
203443
203446
203478
203521
203825
203870
203964
204044
204061
204256
204349
204398
204488
204533
204636
204705
204820
205019
205112
205213
208488
208577
208615
208635
208716
208802
208853
208961
209085
209251
209370
209424
209434
209520
209542
209547
209580
209608
209658
209684
209984
210136
210181
210497
210527
210558
210717
210854
210928
210955
211036
211054
214189
214310
214334
214727
214801
214830
214982
215146
215168
215307
215363
215380
215411
215588
215605
215747
215796
215855
215947
216190
216374
216460
216547
216817
216846
216936
217011
218688
218730
219711
219732
219837
219877
219923
219930
219936
219965
219990
220001
220028
220031
220037
220073
220120
220143
220199
220304
220370
220422
220471
220562
220576
220630
220634
220777
221068
221231
221244
221337
227069
227160
227263
227322
227367
227379
227393
227410
227543
227560
227573
227917
227940
228114
228119
228140
228191
228222
228240
228318
228353
228357
228525
228814
229040
229089
229098
229149
229186
229257
229340
229394
229448
229465
229471
230135
230138
230164
230206
230266
230373
230464
230712
230717
230984
230990
231042
231475
231785
237612
237747
237767
237774
237865
237896
237953
238000
238002
238082
238167
238224
238313
238323
238363
238427
238504
238565
238765
239062
239105
239154
239189
239205
239220
239253
239336
239374
239409
239475
239494
239512
239576
239777
239854
239875
240045
240046
240049
240088
240096
240179
240314
240452
240605
240619
249574
249590
249599
249650
249674
249677
249705
249750
249775
249833
249863
250069
250100
250341
250630
250706
250737
250761
250799
250803
250894
250938
250949
251023
251065
251138
251143
251243
251372
251468
251514
251516
251537
251822
251847
251868
252024
252031
252125
252164
252222
252278
252322
260770
260863
260922
260981
260983
260986
260995
261001
261068
261073
261078
261118
261174
261231
261371
261378
261408
261434
261473
261560
261579
261677
261804
261847
261849
261889
261913
262129
262166
262168
262212
262328
262361
262395
262409
262417
262509
262779
262784
262797
262974
263005
263082
263105
263110
263175
263186
265179
265204
265207
265216
265373
265459
265463
265477
265566
265579
265876
265888
266115
266177
266183
266259
266315
266335
266377
266687
267011
267186
267349
267387
267405
267439
271378
271418
271432
271473
271545
271570
271712
271757
271770
271933
271960
272041
272116
272160
272339
272426
272446
272533
272786
272916
272936
273006
273065
273116
273195
273415
273451
273516
273550
273613
273688
273847
273891
273974
278097
278128
278183
278188
278213
278254
278281
278473
278516
278716
278919
279156
279252
279371
279394
279401
279448
279470
279648
280110
287619
287626
287628
287633
287695
287763
287876
288058
288089
288106
288132
288289
288399
288512
288525
288539
288552
288553
288586
288587
288623
288690
288699
288728
288731
288795
288859
288911
288921
289169
289177
289182
289339
289443
289485
289532
289625
289640
289646
289662
289885
290050
290141
290200
290227
290232
290268
290314
296525
296626
296688
296702
296864
296932
296945
297024
297025
297032
297451
297600
297712
297765
297802
297917
297921
298000
298013
298093
298119
298140
298142
298174
298182
298264
298315
298399
298407
298435
298460
298618
298646
298686
298740
298915
298963
299133
300370
300377
300485
300513
300601
300723
300725
301000
301009
301043
301159
301243
301605
301639
301661
301691
301808
302007
302113
302268
302282
302339
302374
302457
302522
302781
302854
302928
303013
303134
318681
318694
318701
318788
318792
318876
318943
318947
318972
319305
319417
319451
319529
319736
319774
319827
319939
320211
320285
320419
320475
320554
320605
320648
320681
320702
320729
320865
320868
320916
320988
321313
321475
322993
323012
323038
323045
323375
323377
323384
323614
323633
323774
324088
324131
324255
324274
324391
324504
324816
324938
324960
324981
325178
325215
325223
341430
341431
341452
341538
341558
341634
341641
341680
341697
341736
341846
341889
341942
342042
342071
342075
342109
342254
342586
342658
342754
342765
342767
342830
342832
342972
343038
343077
343152
343254
343770
343788
343818
343863
344014
345581
345583
345629
345636
345660
345884
346008
346218
346253
346508
346551
346576
346585
346607
346760
346911
347293
347399
347535
347550
347677
347838
347851
361606
361609
361734
361771
361801
361803
361809
361850
361965
362020
362033
362052
362525
362607
362797
362842
362915
362926
362934
362973
363007
363081
363108
363145
363198
363236
363246
363532
363640
363669
363816
363837
363876
363944
364087
364182
365296
365340
366939
366987
367004
367005
367080
367153
367162
367167
367270
367317
367327
367344
367488
367550
367565
369169
369172
370867
370940
371024
371032
371181
371213
371254
371265
371485
371668
371730
371758
371800
371828
371911
371913
371935
372213
372282
372576
372619
372664
372753
372887
373062
373157
373209
373256
373341
375395
375505
375696
376030
376038
376079
376268
376709
376785
376786
376908
376989
377026
377094
377171
377266
377285
377326
377336
377345
377383
377522
377609
377617
377662
377701
377713
380717
380968
381068
381109
381389
381411
381908
381935
381978
382014
382132
382241
382297
382371
382540
382552
382745
382771
382796
382800
382907
382933
382968
383167
383214
383273
383331
386367
386619
386721
386757
386977
387088
387113
387163
387377
387502
387584
387610
387653
387659
387720
387732
387799
387819
387839
387872
387943
388023
388063
388385
388512
388597
388617
388658
388678
396620
396657
396851
396872
396874
396922
396978
397120
397147
397249
397287
397336
397337
397357
397363
397385
397410
397477
402495
402516
402538
402654
402866
402885
417434
417485
417638
417715
417811
418005
418145
418427
418649
418659
418680
418843
418915
418919
419018
419046
419087
419159
419289
419623
419647
419676
422015
422039
422074
422135
422288
422386
422476
422660
422661
422732
422798
423298
423306
423357
423363
423546
423630
423672
423745
423779
425647
425714
425741
425855
425881
425900
460306
460377
460579
460680
460734
460855
463230
463334
463351
463398
463410
463640
484651
484654
484693
484921
485058
485068
485162
485237
485238
485282
485293
485462
485494
485502
485610
485638
485649
485713
485929
486046
486115
486163
486369
486399
486616
486693
486739
486764
486793
486827
486906
487184
487197
491512
491551
491553
491607
491750
491768
491829
491964
491970
492029
492055
492058
492071
492105
492125
492202
492209
492234
492269
492294
492324
492358
492399
492477
492520
492527
492530
492655
492691
492719
492774
492887
492987
493022
493106
493108
493176
493216
493300
493431
493543
493613
493627
493941
493965
497061
497113
504958
505323
505426
505436
505493
505557
505757
505770
505889
505973
506013
506018
506050
508124
508141
508193
508314
508544
508567
508640
508691
508731
508884
508987
509101
509199
509249
509280
509353
509523
509531
509600
509754
511442
511490
511537
511659
511791
511865
511879
511901
511982
512052
512145
512147
512195
512351
512517
512534
512543
512577
512613
512806
513014
513130
513299
513326
513330
514033
514136
514213
516759
516772
517006
517010
517417
517681
517800
518291
518525
518544
518673
518698
518705
518706
518721
518730
518931
518938
519033
519093
521400
521409
521575
521632
521678
521699
521708
521735
522056
522152
522171
522186
534800
534867
535064
535118
535133
535137
535152
535156
535237
535255
535346
535374
535461
535608
535798
535927
535982
536008
536089
536126
536177
536200
536332
536663
536671
536685
536732
536904
537008
537013
537039
537042
537058
537061
537080
537131
537151
537253
537288
537379
537398
537416
537431
537443
537464
537513
537561
537590
537597
543730
543771
543807
543832
543963
544215
544306
544327
544377
544546
544784
545006
545135
545198
545297
545308
545377
545437
545449
545518
545563
545575
545631
545761
545861
546034
546085
547844
547849
547889
547937
548808
549017
549126
549187
549206
549362
549432
549526
549591
549799
549977
550019
550158
550359
550361
550403
550461
550462
550473
550602
550709
550814
550844
550908
550923
551045
551151
551198
551299
551311
551339
551626
551661
558977
558997
559106
559154
559355
559467
559510
559637
559734
559747
559931
559947
559984
559998
560040
560078
560086
560136
560151
560160
560161
560174
560257
560314
560319
560338
560360
560389
560432
560560
560608
560611
560749
560838
560917
561061
561115
561123
561195
561379
561520
561774
561950
567475
567519
567583
567596
567629
567770
567859
567932
568047
568087
568106
568185
568251
568330
568333
568404
568429
568533
568550
568608
568690
568709
568720
568790
568793
568810
568816
568937
568984
569111
569183
569230
569261
569371
569432
569586
569619
569635
569674
569716
569732
569733
569820
569822
569849
569917
569953
570173
570188
573622
573894
574105
574288
574322
574340
574435
574549
574617
574740
574767
574899
574962
574976
574982
574996
575172
575214
575400
575418
575419
575426
575627
575669
575686
583478
583493
583513
583636
583676
583783
583873
583927
583958
583959
584061
584311
584314
584422
584495
584524
584579
584607
584658
584898
584912
584919
584927
584936
585086
585124
585160
585234
585283
585305
585326
585397
585417
585439
585457
585475
585495
585499
585551
585556
585678
585759
586390
586482
586483
586489
586606
586650
592131
592132
592344
592420
592568
592581
592683
592688
592717
592719
592843
592893
592940
592961
593076
593175
593203
593207
593208
593255
593349
593478
593485
593744
593802
593822
593916
594064
594268
594441
594463
594464
594577
594762
594812
594943
594957
594959
595087
598868
598935
598940
599137
599412
599432
599487
599514
599576
599592
599821
599833
599945
599970
600029
600038
600234
600243
600253
600430
600674
600675
600753
600810
600923
600934
601032
601063
601154
601218
601220
601433
601458
601468
601502
601516
601585
601629
609177
609188
609206
609230
609346
609551
609553
609575
609667
609753
609776
609783
609794
609835
609895
609952
610113
610188
610208
610249
610267
610320
610360
610544
610661
610682
610762
610808
610850
610875
610896
610928
610996
611032
611075
611079
611308
611309
611337
611536
611604
611719
611751
617529
617640
617672
617674
617677
617848
617891
617964
618254
618464
618479
618526
618530
618617
618756
618804
618823
618826
618872
618889
618900
618949
619010
619041
619077
619173
619321
619359
619566
619569
619612
619644
619710
619741
619742
619783
619821
619824
619864
619960
619965
620002
620024
620027
621994
622053
622063
622111
622147
622201
622255
622260
622457
622640
622645
622677
622926
623097
623182
623184
623270
623507
623552
623640
623790
623806
636232
636326
636329
641901
642118
642149
642166
647248
656776
656777
659935
660105
660119
663329
663514
690031
691107
691765
692360
692627
695091
695199
695397
695480
696613
710067
715717
717514
723890
728230
757031
784093
825326
852588
905555
911654
916759
918188
937701
947997
3554969
3574941
3575732
3575806
3575844
3575875
3577657
3577961
3578205
3579929
3580959
3580980
3581742
3582335
3582485
3582680
3583012
3584327
3585241
3585585
3585652
3585814
3587381
3588954
3589005
3591059
3591241
3591858
3593076
3593769
3593821
3593943
3599243
3599325
3600025
3601183
3603260
3604945
3605245
3605548
3605567
3605748
3606333
3606358
3607391
3607549
3609743
3611329
3612202
3612326
3612923
3613176
3614539
3614701
3615261
3615274
3615322
3615458
3615584
3616241
3616388
3617156
3617459
3618083
3621807
3622182
3622405
3623501
3623612
3626181
3626246
3627375
3627916
3630900
3632446
3633756
3853390
3854508
3857300
3858296
3858299
3859130
3859497
3859679
3860118
3860464
3863467
3864782
3864926
3865185
3865822
3866237
3866435
3867757
3868160
3868715
3874856
3874946
3877835
3878662
3879417
3881658
3881747
3882985
3883462
3884186
3885001
3885935
3886854
3887166
3887918
3887999
3889267
3889492
3889811
3891260
3891640
3891702
3891939
3895518
3895619
3896514
3896519
3896593
3898235
3899304
3900947
3901147
3901336
3902548
3903190
3903491
3903667
3903728
3906697
3907558
3909375
3909387
3909428
3909515
3909692
3909961
3909988
3910146
3910710
3910927
3911502
3912450
3912551
3913623
3914032
3914240
