# Ned's lensIDs, sample 4.txt
6900
7339
7738
7915
8037
8051
8058
8360
8577
9032
9327
14612
14648
14672
14714
14755
14831
14953
15045
15259
15264
15318
15378
15442
15518
15554
15854
15864
16081
16165
16199
16264
16460
16466
16600
16604
16640
16722
16969
17186
17355
21889
21913
22043
22099
22312
22416
22487
22587
22747
22776
23418
23534
23641
23948
24477
28668
28680
28694
30424
30625
30791
30862
31000
31021
31041
31059
31087
31173
31176
31256
31277
31364
31401
31558
31562
31650
31867
31938
31979
32026
32376
32440
32582
32712
39026
39268
39345
39388
39423
39430
39582
39585
39636
39663
39979
40029
40087
40167
40182
40192
40337
40570
40649
40704
40764
40831
40917
40950
40999
41001
41056
41245
41335
41385
47219
47296
47348
47467
47574
47653
47655
47658
47682
47796
47878
47975
47994
48015
48018
48041
48123
48217
48306
48427
48586
48684
48803
48932
49049
49088
49256
49453
49527
49528
53728
53849
53875
53934
53936
53999
54033
54109
54169
54432
54533
54610
54648
54785
55031
55065
55210
55211
55296
55636
55917
55936
56111
56340
56417
62151
62277
62572
62635
62702
62754
62939
62977
63017
63240
63697
63843
63963
64092
64158
64244
64734
64783
64819
65420
69375
69509
69758
69845
69876
70030
70129
70143
70165
70672
70689
71007
71044
71112
71170
71172
71229
71291
71498
71698
77344
77484
77520
77594
77898
77939
78111
78248
78421
78590
78624
78713
78762
78771
79035
79075
79125
79302
79748
84045
84072
84396
84656
84688
84747
84920
85112
85176
85508
85553
85554
85810
85852
86092
86184
86188
86228
91476
91538
91727
91904
91913
91993
92038
92353
92469
92582
92590
92824
92845
92874
92911
92966
93040
93261
93425
93430
93938
93976
97710
97942
97951
98120
98149
98150
98216
98259
98364
98589
98823
98957
98989
99203
99339
99422
99602
99623
99664
99692
99753
99794
99822
99933
100164
105452
105461
105584
105634
105706
105808
105877
105892
105969
105994
106137
106262
106266
106289
106368
106478
106510
106633
106637
106771
106818
106846
106874
106885
106925
107096
107174
107254
107657
107699
107733
107809
107821
116402
116444
116767
117142
117205
117702
118043
118082
118370
118575
118724
118731
118797
119017
123270
123406
123485
123789
124131
124162
124380
124487
124531
124541
124860
125196
125201
125328
125350
125365
125447
125513
125616
125631
125687
129782
129989
130131
130132
130226
130439
130477
130608
130784
130850
131043
131089
131124
131245
131445
131646
132109
132408
132521
136935
136953
137088
137173
137211
137303
137328
137362
137431
137713
137731
137919
137949
138087
138153
138195
138295
138315
138744
143272
143537
143671
143709
143818
143843
143905
143924
144941
144994
145245
145269
145454
145493
145541
145675
163644
163674
163840
164167
164197
164243
164289
164294
164468
164498
164934
164974
164983
165240
165264
165343
165542
165656
165665
165869
165930
170385
170417
170759
170931
170959
171004
171069
171252
171277
171371
171488
171546
171671
172006
172126
172282
172287
172355
172409
172636
172849
172953
172955
176893
176931
176936
177082
177168
177422
177482
177549
177602
177667
177683
177704
177926
178194
178390
178515
178709
178894
178898
178932
179091
179232
179380
184149
184504
184521
184649
184659
184719
184763
184836
184871
185276
185290
185505
185654
185734
185752
186136
186441
186446
186625
186663
196055
196948
196951
196957
197077
197123
197526
197668
197801
198100
198232
198383
198475
198784
202344
202368
202594
203222
203462
203475
203476
203520
204074
204320
204488
204520
204617
204998
205213
208635
208674
208732
208909
208961
209391
209424
209707
209960
210136
210296
210669
210759
210946
214334
214749
214752
214985
214988
215007
215109
215310
215424
215569
215596
215692
215749
215864
216107
216409
216421
216513
216823
217011
217019
218751
219680
219703
219710
219837
219923
219937
219962
219965
220066
220576
220694
220735
221277
221371
227322
227393
227431
227940
228068
228162
228194
228222
228392
228653
228739
229347
229362
229471
230352
230354
230853
231043
231629
231958
237682
238002
238008
238042
238163
238209
238220
238228
238317
238429
238518
238888
238955
238958
239227
239380
239468
239578
239753
240045
240311
240388
240600
249714
249758
249829
249843
249883
250050
250083
250100
250527
250626
250800
250918
251084
251243
251271
251345
251485
251516
251592
251692
251793
251998
252223
252307
260799
260835
260868
260978
261016
261265
261386
261455
261579
261729
261780
261844
261889
262021
262043
262047
262059
262062
262064
262079
262086
262221
262310
262506
262588
262598
262664
263011
265203
265204
265272
265463
265551
265746
266078
266133
266177
266262
266337
266470
266657
267363
267398
271380
271384
271568
271633
271883
272598
272723
272967
273114
273385
273453
273928
278112
278128
278208
278238
278265
278381
278387
278412
278454
278550
278560
278911
278919
278945
278972
279152
279391
279587
279934
280071
280075
287596
287627
287855
287891
288115
288164
288399
288601
288701
288759
289307
289344
289522
289736
289957
290034
290138
290245
290271
290406
296525
296939
297098
297411
297451
297481
297530
297579
297670
297731
297765
297823
298082
298228
298264
298414
298416
298518
298911
298960
298986
300485
300516
300618
300694
300725
300757
300762
300766
300977
301587
301661
301673
301715
302113
302114
302157
302474
302534
302781
302895
303015
303078
303138
318597
318619
318762
318832
318964
319203
319347
319470
319476
319559
319586
319594
319933
320152
320255
320257
320278
320434
320605
320725
320807
320817
320913
321235
321384
322913
323034
323151
323281
323283
323371
323377
323811
324093
324160
324273
324454
324809
324847
324849
324910
324938
325320
325398
325471
341399
341428
341431
341624
341629
341685
341757
341892
341935
341938
342018
342085
342234
342279
342306
342629
342715
342757
342774
342836
342906
343174
343238
343427
343648
343747
343788
343953
344072
344077
346443
346548
346715
346750
346945
347304
347338
347378
347406
347491
348048
348238
361623
362015
362062
362120
362354
362470
362496
362521
362792
362934
362974
363076
363279
363531
363882
365296
365349
367033
367049
367059
367255
367418
370874
371033
371098
371257
371384
371393
371468
371578
371644
371652
371657
371683
371685
371727
371843
371880
371894
372006
372280
372713
372741
372895
373060
373256
376071
376075
376189
376403
376521
376788
376877
376989
377052
377156
377193
377286
377317
378114
380712
380775
380800
380828
380972
381076
381216
381383
381539
381716
381834
381884
381981
382087
382404
382428
382517
382540
382798
383113
383150
383166
383235
386218
386246
386283
386285
386367
386526
386679
386829
386911
386945
386995
387497
387502
387709
387769
387839
387976
388520
388658
396700
396803
397016
397060
397126
397171
397219
397249
397291
397294
397416
402385
402752
402829
402902
417485
417541
418421
418427
418702
419066
419087
419140
419142
419357
419358
419499
419624
419681
422042
422113
422144
422410
422527
422554
422811
422970
423110
423111
423546
425709
425880
446765
460315
460645
463380
463398
480591
484906
484907
485236
485278
485293
485462
486046
486207
486247
486272
486485
486745
487063
491414
491514
491544
491585
491592
491739
491891
491907
491967
491970
492122
492485
492560
492592
492700
492719
492792
492963
492987
493335
493378
493408
493510
493542
493601
493603
493611
493788
493904
493967
493994
496948
497014
497067
497117
504492
504604
504970
504997
505086
505192
505438
505486
505798
505887
505919
507708
507717
507759
507800
507929
507950
507956
508099
508139
508177
508224
508225
508230
508266
508599
508615
508902
508975
508978
509132
509280
511489
511511
511513
511562
511639
511757
511796
511870
512071
512106
512143
512351
512399
512436
512444
512446
512550
512796
512824
512949
512967
513255
513280
514253
514263
516799
516956
517010
517640
517798
518067
518098
518698
518931
521412
521475
521529
521677
521794
521869
521959
522076
522123
522154
534649
534707
534868
535093
535107
535196
535321
535333
535375
535402
535424
535427
535463
535533
535540
535609
535625
535633
535641
535682
535775
536041
536046
536144
536190
536242
536359
536466
536866
536954
536992
537004
537013
537128
537293
537344
543544
543675
543779
543811
543910
543914
543920
544160
544162
544224
544329
544556
544561
544967
545297
545338
545346
545383
545460
545659
545693
545698
545714
545786
545787
545812
546059
549320
549348
549423
549483
549489
549499
549527
549752
550003
550105
550147
550603
550844
550889
550950
551042
551419
551462
551574
558980
559032
559058
559146
559441
559745
559820
559950
560042
560045
560080
560085
560291
560305
560307
560451
560602
560799
560913
561074
561336
561501
561568
561836
567426
567457
567728
567730
567735
567807
567891
568182
568191
568253
568300
568308
568320
568354
568417
568487
568488
568524
568559
568602
568753
568789
568810
569065
569179
569260
569443
569479
569580
569607
569750
569849
570029
570275
570277
572409
573695
573957
574081
574087
574292
574464
574762
574785
575150
575239
575348
575514
575582
575711
583364
583383
583505
583509
583682
583778
583835
583905
583910
584418
584507
584656
584657
584914
584986
584990
585038
585094
585200
585283
585323
585749
585792
586385
586390
586414
586567
586649
592065
592103
592123
592161
592297
592299
592329
592372
592691
592909
593255
593299
593678
593686
593691
594083
594097
594104
594179
594221
594282
594399
594503
594543
594765
595087
598860
599312
599346
599418
599448
599594
599843
599985
600064
600148
600150
600393
600476
600511
600675
600889
600942
600984
601017
601094
601256
601400
601527
601575
601587
609242
609551
609572
609593
609745
610009
610105
610357
610513
610540
610550
610650
610670
610847
610848
610940
610970
611064
611082
611474
611635
611793
611798
617522
617641
617697
617704
617849
617961
617996
618043
618104
618253
618508
618528
618563
618735
618785
618908
619032
619047
619101
619321
619386
619626
619710
619828
619877
620002
622022
622032
622111
622126
622212
622491
622615
622696
622854
623040
623120
623221
623303
623347
623394
623485
623628
630461
636280
636287
636300
636353
636393
636400
636401
636402
641901
642027
642147
647235
656659
656694
660195
663307
663396
663410
663450
691187
691321
692448
692675
693617
693649
695199
695313
695890
700794
703897
719218
723856
723890
728230
749357
749380
749899
750274
757031
760447
806060
825326
949751
3277085
3553717
3575143
3577002
3580494
3581572
3584641
3585585
3587380
3588483
3589537
3590314
3591192
3592172
3593523
3593713
3601490
3605748
3608008
3608291
3611944
3614189
3615005
3615245
3617380
3617390
3618014
3618175
3622805
3624738
3624877
3626514
3629100
3630877
3631901
3632626
3632653
3634350
3852508
3859123
3860394
3861285
3861554
3864572
3864872
3866176
3867540
3867952
3873672
3874259
3874543
3874856
3878295
3878589
3879137
3879461
3880089
3880343
3881366
3881697
3885738
3886045
3886175
3888209
3888290
3888762
3891171
3895241
3895831
3898243
3898504
3899100
3903392
3907887
3908216
3911551
3911788
3912327
3913497
3913788
3913888
3914139
