# logAngSepBCG  n0  n1  n2
  0.055379   2.303869   0.000000   0.000000   0.000000
  0.056692   2.318448   0.000000   0.000000   0.000000
  0.058037   2.333372   0.000000   0.000000   0.000000
  0.059413   2.348650   0.000000   0.000000   0.000000
  0.060822   2.364291   0.000000   0.000000   0.000000
  0.062264   2.380302   0.000000   0.000000   0.000000
  0.063741   2.396693   0.000000   0.000000   0.000000
  0.065252   2.412369   0.000000   0.000000   0.000000
  0.066800   2.419311   0.000000   0.000000   0.000000
  0.068384   2.426418   0.000000   0.000000   0.000000
  0.070006   2.433693   0.000000   0.000000   0.000000
  0.071666   2.441141   0.000000   0.000000   0.000000
  0.073365   2.448765   0.000000   0.000000   0.000000
  0.075105   2.456571   0.000000   0.000000   0.000000
  0.076886   2.464561   0.000000   0.000000   0.000000
  0.078709   2.479243   0.000000   0.000000   0.000000
  0.080576   2.496888   0.000000   0.000000   0.000000
  0.082487   2.514951   0.000000   0.000000   0.000000
  0.084443   2.533442   0.000000   0.000000   0.000000
  0.086445   2.552372   0.000000   0.000000   0.000000
  0.088495   2.571750   0.000000   0.000000   0.000000
  0.090594   2.591588   0.000000   0.000000   0.000000
  0.092742   2.608916   0.000000   0.000000   0.000000
  0.094941   2.620303   0.000000   0.000000   0.000000
  0.097193   2.631961   0.000000   0.000000   0.000000
  0.099498   2.643896   0.000000   0.000000   0.000000
  0.101857   2.656113   0.000000   0.000000   0.000000
  0.104273   2.668620   0.000000   0.000000   0.000000
  0.106745   2.681424   0.000000   0.000000   0.000000
  0.109277   2.694531   0.000000   0.000000   0.000000
  0.111868   2.699398   0.000000   0.000000   0.000000
  0.114521   2.703712   0.000000   0.000000   0.000000
  0.117237   2.708129   0.000000   0.000000   0.000000
  0.120017   2.712651   0.000000   0.000000   0.000000
  0.122863   2.717279   0.000000   0.000000   0.000000
  0.125777   2.722018   0.000000   0.000000   0.000000
  0.128759   2.726869   0.000000   0.000000   0.000000
  0.131813   2.737547   0.000000   0.000000   0.000000
  0.134939   2.753506   0.000000   0.000000   0.000000
  0.138138   2.769844   0.000000   0.000000   0.000000
  0.141414   2.786569   0.000000   0.000000   0.000000
  0.144768   2.803691   0.000000   0.000000   0.000000
  0.148201   2.821219   0.000000   0.000000   0.000000
  0.151715   2.839162   0.000000   0.000000   0.000000
  0.155313   2.855888   0.000000   0.000000   0.000000
  0.158996   2.862894   0.000000   0.000000   0.000000
  0.162767   2.870066   0.000000   0.000000   0.000000
  0.166627   2.877408   0.000000   0.000000   0.000000
  0.170578   2.884924   0.000000   0.000000   0.000000
  0.174623   2.892618   0.000000   0.000000   0.000000
  0.178764   2.900495   0.000000   0.000000   0.000000
  0.183003   2.908558   0.000000   0.000000   0.000000
  0.187343   2.917746   0.000000   0.000000   0.000000
  0.191786   2.927470   0.000000   0.000000   0.000000
  0.196334   2.937426   0.000000   0.000000   0.000000
  0.200990   0.000000   2.947617   0.000000   0.000000
  0.205756   0.000000   2.958050   0.000000   0.000000
  0.210635   0.000000   2.968730   0.000000   0.000000
  0.215630   0.000000   2.979664   0.000000   0.000000
  0.220744   0.000000   2.990651   0.000000   0.000000
  0.225978   0.000000   2.997557   0.000000   0.000000
  0.231337   0.000000   3.004626   0.000000   0.000000
  0.236823   0.000000   3.011863   0.000000   0.000000
  0.242439   0.000000   3.019272   0.000000   0.000000
  0.248189   0.000000   3.026856   0.000000   0.000000
  0.254074   0.000000   3.034621   0.000000   0.000000
  0.260099   0.000000   3.042569   0.000000   0.000000
  0.266267   0.000000   3.049715   0.000000   0.000000
  0.272582   0.000000   3.046474   0.000000   0.000000
  0.279046   0.000000   3.043155   0.000000   0.000000
  0.285663   0.000000   3.039757   0.000000   0.000000
  0.292437   0.000000   3.036280   0.000000   0.000000
  0.299372   0.000000   3.032719   0.000000   0.000000
  0.306471   0.000000   3.029074   0.000000   0.000000
  0.313739   0.000000   3.025343   0.000000   0.000000
  0.321179   0.000000   3.020634   0.000000   0.000000
  0.328796   0.000000   3.009667   0.000000   0.000000
  0.336593   0.000000   2.998439   0.000000   0.000000
  0.344575   0.000000   2.986945   0.000000   0.000000
  0.352746   0.000000   0.000000   2.975179   0.000000
  0.361111   0.000000   0.000000   2.963134   0.000000
  0.369674   0.000000   0.000000   2.950803   0.000000
  0.378441   0.000000   0.000000   2.938179   0.000000
  0.387415   0.000000   0.000000   2.927494   0.000000
  0.396602   0.000000   0.000000   2.919466   0.000000
  0.406008   0.000000   0.000000   2.911248   0.000000
  0.415636   0.000000   0.000000   2.902835   0.000000
  0.425492   0.000000   0.000000   2.894222   0.000000
  0.435582   0.000000   0.000000   2.885405   0.000000
  0.445912   0.000000   0.000000   2.876378   0.000000
  0.456486   0.000000   0.000000   2.867138   0.000000
  0.467311   0.000000   0.000000   2.852945   0.000000
  0.478393   0.000000   0.000000   2.838278   0.000000
  0.489738   0.000000   0.000000   2.823263   0.000000
  0.501351   0.000000   0.000000   2.807892   0.000000
  0.513241   0.000000   0.000000   2.792157   0.000000
  0.525412   0.000000   0.000000   2.776048   0.000000
  0.537871   0.000000   0.000000   2.759558   0.000000
  0.550626   0.000000   0.000000   2.736071   0.000000
  0.563684   0.000000   0.000000   2.705521   0.000000
  0.577051   0.000000   0.000000   2.674246   0.000000
  0.590735   0.000000   0.000000   2.642230   0.000000
  0.604744   0.000000   0.000000   2.609454   0.000000
  0.619085   0.000000   0.000000   2.575902   0.000000
  0.633766   0.000000   0.000000   2.541553   0.000000
  0.648795   0.000000   0.000000   2.506854   0.000000
  0.664181   0.000000   0.000000   2.482246   0.000000
  0.679931   0.000000   0.000000   2.457055   0.000000
  0.696055   0.000000   0.000000   2.431266   0.000000
  0.712562   0.000000   0.000000   2.404866   0.000000
  0.729459   0.000000   0.000000   2.377839   0.000000
  0.746758   0.000000   0.000000   2.350172   0.000000
  0.764467   0.000000   0.000000   2.321848   0.000000
  0.782595   0.000000   0.000000   2.297569   0.000000
  0.801154   0.000000   0.000000   2.276231   0.000000
  0.820152   0.000000   0.000000   2.254386   0.000000
  0.839602   0.000000   0.000000   2.232023   0.000000
  0.859512   0.000000   0.000000   2.209130   0.000000
  0.879895   0.000000   0.000000   2.185695   0.000000
  0.900760   0.000000   0.000000   2.161703   0.000000
  0.922121   0.000000   0.000000   0.000000   0.000000
  0.943988   0.000000   0.000000   0.000000   0.000000
  0.966374   0.000000   0.000000   0.000000   0.000000
  0.989291   0.000000   0.000000   0.000000   0.000000
  1.012751   0.000000   0.000000   0.000000   0.000000
  1.036768   0.000000   0.000000   0.000000   0.000000
  1.061354   0.000000   0.000000   0.000000   0.000000
  1.086523   0.000000   0.000000   0.000000   0.000000
  1.112289   0.000000   0.000000   0.000000   0.000000
  1.138666   0.000000   0.000000   0.000000   0.000000
  1.165668   0.000000   0.000000   0.000000   0.000000
  1.193311   0.000000   0.000000   0.000000   0.000000
  1.221609   0.000000   0.000000   0.000000   0.000000
  1.250578   0.000000   0.000000   0.000000   0.000000
  1.280235   0.000000   0.000000   0.000000   0.000000
  1.310594   0.000000   0.000000   0.000000   0.000000
  1.341674   0.000000   0.000000   0.000000   0.000000
  1.373490   0.000000   0.000000   0.000000   0.000000
  1.406061   0.000000   0.000000   0.000000   0.000000
  1.439405   0.000000   0.000000   0.000000   0.000000
  1.473539   0.000000   0.000000   0.000000   0.000000
  1.508483   0.000000   0.000000   0.000000   0.000000
  1.544255   0.000000   0.000000   0.000000   0.000000
  1.580876   0.000000   0.000000   0.000000   0.000000
  1.618365   0.000000   0.000000   0.000000   0.000000
  1.656743   0.000000   0.000000   0.000000   0.000000
  1.696031   0.000000   0.000000   0.000000   0.000000
  1.736251   0.000000   0.000000   0.000000   0.000000
  1.777424   0.000000   0.000000   0.000000   0.000000
  1.819574   0.000000   0.000000   0.000000   0.000000
