# Ned's lensIDs, sample 6.txt
7182
7690
7846
7879
8011
8129
8639
14744
14956
15011
15271
15374
15552
15812
17418
21800
21907
21911
21935
22024
22125
22176
22883
23044
23541
23566
23945
24104
24202
30879
30886
30945
31038
31322
31422
31458
32140
32340
32612
32674
36995
37007
38979
39477
39758
39850
40124
40676
47186
47619
47793
47919
47941
48440
48612
48799
48812
49232
49307
54119
54208
54383
54511
55258
55301
56343
62323
62991
63247
63975
64364
64493
64809
65214
70067
70793
70973
71008
71467
77474
77576
77582
77590
78524
78630
78666
78680
78882
79062
79251
79443
79572
79793
84303
85044
85415
86033
86270
91480
91654
92328
92441
92473
92730
93697
98102
98839
99796
99797
106468
106726
107016
107050
107338
107352
107481
107599
116266
116409
116951
117279
117313
117484
118791
118796
123685
123725
123788
124485
124539
124578
124646
124737
124960
125164
125240
125363
125382
125411
129808
130078
130146
130259
130747
130935
131035
131038
131041
131726
131798
132113
132142
132401
132489
136720
136851
137116
137240
137361
137448
137849
137856
138191
138834
143223
143285
143347
143874
143894
144324
144761
144853
145006
145316
145351
163610
164120
164186
164329
164374
164518
164846
164874
165038
165228
165340
165541
165591
166035
166203
171011
171145
171236
171549
171997
172053
172391
172577
172603
176869
176873
176957
177442
177812
178105
178116
178609
178744
178747
178771
178778
178779
178795
178891
179570
179667
184013
184692
185003
185696
185800
186021
186506
186573
196998
197251
202820
203007
203091
203268
203776
204171
204182
204353
205023
208501
208767
208981
209082
209184
209298
209351
210026
210076
210146
210381
210383
210467
210760
210856
210958
214433
214956
215153
215657
216480
220223
220333
220636
220696
220731
220874
221000
221200
221294
221334
227238
227239
227805
227836
228120
228387
228475
228540
228610
228614
229399
230735
231065
238401
238856
238890
239024
239228
240140
240463
240524
249472
249568
249588
249673
249839
250264
250400
250723
250763
251427
251493
251541
252242
260859
260912
260973
261013
261019
261377
261618
261984
262024
262157
262534
265154
265157
265771
265775
266498
266756
271612
272266
272342
272449
272455
272545
272662
273691
273890
273936
278251
278445
278785
278949
279560
280121
287666
288128
288274
288380
288417
288521
288655
289696
289732
290203
290359
296743
296751
297092
297246
297755
297950
298116
298173
298881
298907
299101
301080
301209
301439
301440
301558
301566
301739
301995
302808
303085
303102
319076
319506
319566
319606
319897
320148
320383
320659
320852
321238
322772
323541
323544
323964
324182
324327
324499
324712
325020
325115
325226
325273
341559
341851
341928
342119
342334
342427
342696
342760
343043
343384
343445
343451
343486
343489
343633
345521
345931
346213
346215
346651
346889
347210
362119
362231
362563
363049
363050
363164
363387
367151
370852
370914
371126
372032
373072
373130
373390
375706
375767
376590
377117
377565
377599
380740
381835
382429
382515
382639
383295
386209
386225
386690
387620
387932
396795
396880
402369
417390
417760
417907
418291
418514
418740
418786
418798
419233
419315
419649
422569
422872
423281
423535
423759
425652
425687
425811
425835
425892
460383
460506
460735
484772
485199
485491
486403
486435
486541
486560
487025
491615
492033
492036
492089
492418
492715
505265
505444
505564
505906
505917
506121
506146
507856
507872
508234
508275
508647
508815
509093
509258
509541
509597
511994
512115
512637
513113
513120
513198
513328
516819
517738
518759
518830
519011
519095
521769
534628
534773
534850
535085
535259
535371
536006
536253
536310
536367
536683
536876
537011
537129
537534
543819
544104
544154
544516
544921
545057
545314
545315
545577
545578
545610
545785
545909
546022
547900
550597
550886
550928
559062
559109
559295
559493
559523
559585
559750
560552
560630
560777
560798
560928
560992
561232
561645
561691
562011
568127
568176
568197
568598
569178
569931
569985
570366
570373
572407
573785
574177
574402
574878
575545
583578
583872
583980
584173
584186
584259
584448
584527
584678
585090
586323
586631
592331
592337
592980
592983
593187
593656
594063
594139
594257
594488
594534
594837
594864
598965
599008
599271
599570
599636
599703
599789
600241
600418
600893
601105
601250
601555
609661
609714
610299
610442
610697
611587
611744
617861
618057
618475
618476
618865
619271
619374
619605
622256
622313
622815
622979
623062
623282
636371
636382
641950
663442
691334
692352
692353
692490
692618
694116
695454
696228
703359
703924
713629
744689
746838
748858
750130
750528
805457
3552972
3576412
3577593
3579300
3583289
3584366
3586921
3588432
3589620
3590042
3592046
3592805
3592808
3592987
3593805
3600151
3600247
3605188
3611940
3622447
3623177
3625211
3626445
3628197
3629716
3630148
3632806
3852031
3854731
3854732
3854960
3858030
3860107
3874951
3879805
3884148
3884358
3884412
3888126
3888628
3890676
3891390
3895534
3896211
3901107
3902033
3903675
3905458
3906474
3909623
3912767
