# Ned's lensIDs, sample 1.txt
6837
6851
6861
6877
6916
7103
7142
7162
7483
7485
7536
7649
7655
7669
7750
7772
7805
7827
7874
7922
8047
8165
8186
8492
8495
8533
8579
8747
9035
9070
9191
9342
14654
14798
14950
15012
15062
15077
15309
15323
15487
15627
15636
15679
15740
15860
15945
15963
16008
16021
16075
16181
16241
16447
16495
16499
16522
16566
16957
17045
17157
21880
21922
21995
22010
22121
22147
22193
22294
22316
22477
22619
22739
22809
22862
22965
23074
23079
23113
23147
23149
23364
23435
23557
23610
23932
23954
24160
24174
24236
24356
24443
28733
30277
30420
30593
30640
30768
31036
31069
31083
31128
31200
31248
31289
31317
31511
31602
31918
31968
31981
32251
32285
32305
32308
32435
32445
36853
37060
39150
39178
39267
39301
39323
39568
39608
39643
39691
39718
39815
39823
39909
40120
40131
40344
40349
40351
40370
40406
40433
40495
40549
40705
40813
40828
40851
40941
41014
41169
47176
47377
47472
47521
47782
47859
47961
48023
48264
48308
48378
48421
48563
48613
48657
49089
49118
49205
49549
49745
49823
53664
53733
53779
53838
53912
53931
53954
54014
54128
54242
54271
54326
54385
54671
54832
54986
54993
55186
55262
55338
55362
55791
56007
62147
62291
62307
62327
62436
62550
62561
62638
62787
62849
62916
63071
63074
63091
63096
63103
63136
63219
63348
63471
63762
63825
63850
63887
63928
63988
64008
64009
64096
64112
64206
64248
65471
65508
69388
69444
69473
69523
69536
69541
69546
69568
69579
69665
69727
69802
69865
69963
70028
70038
70089
70105
70207
70212
70243
70245
70262
70402
70413
70478
70486
70620
70698
70743
70810
70852
70924
71011
71033
71379
71687
71706
77069
77228
77230
77303
77383
77436
77443
77472
77583
77662
77694
77919
77921
77955
78285
78885
78901
79110
79174
79261
79409
79592
79600
79707
83808
83853
83884
83916
83920
83929
84004
84054
84110
84234
84248
84339
84420
84432
84611
84669
84767
84777
84795
84837
84870
85165
85214
85305
85487
85511
85625
91361
91368
91435
91528
91773
91796
91803
91900
91914
91940
92182
92401
92405
92448
92651
92728
92752
92806
92872
92919
92938
92939
92940
93037
93171
93245
93271
93391
93700
93782
93907
97783
97845
97860
97861
97964
98033
98211
98218
98286
98420
98620
98751
98788
98822
99159
99162
99195
99347
99373
99518
99576
99630
99654
99741
99817
99851
99963
105393
105394
105481
105536
105601
105648
105715
105889
105956
105966
106117
106162
106329
106742
106794
106797
106879
106887
107052
107117
107138
107409
107445
116389
116738
116917
116943
117106
117444
117793
118014
118256
118271
118431
118968
119126
123149
123213
123272
123279
123304
123348
123356
123547
123570
123583
123791
123853
123885
123886
123960
123976
124052
124135
124148
124261
124376
124577
124611
124643
124725
124801
124908
124967
125137
125241
125530
125547
125690
125789
129741
129749
129854
129932
130042
130050
130119
130182
130235
130314
130365
130392
130478
130493
130574
130651
130682
130727
130776
131127
131349
131611
131665
131956
131969
131994
132055
132085
132149
132505
136380
136531
136540
136581
136582
136698
136710
136738
136937
136982
137016
137123
137148
137177
137227
137597
137863
138075
138576
138711
138889
139005
139007
139020
139044
139113
139135
143184
143187
143415
143430
143549
143570
143806
143897
143939
143954
144331
144517
144802
144932
144979
145096
145222
145305
145318
145332
145346
145504
145543
163849
163932
163933
164102
164150
164265
164366
164590
164676
165115
165161
165202
165241
165308
165350
165455
165582
165607
165620
165990
166032
166096
166138
170348
170362
170419
170623
170723
170768
171018
171041
171131
171165
171270
171301
171418
171431
171507
171646
171679
171682
171808
171911
171977
172050
172280
172314
172339
172489
172498
172853
172995
173053
173110
176856
176908
177095
177140
177328
177431
177452
177623
177651
177981
178048
178106
178629
178729
179278
179355
179472
179505
179511
183989
184084
184095
184104
184204
184226
184293
184330
184333
184426
184506
184540
184576
184672
184701
184754
184862
184998
185222
185476
185667
186228
186433
186540
186579
186592
186607
186812
186834
196262
196389
196582
196661
196811
196953
197025
197189
197382
197601
198062
198283
198663
198666
202369
202499
202512
202702
202982
203109
203152
203181
203223
203614
203769
203882
203899
204163
204547
204581
204725
204973
208608
208663
208805
209217
209233
209249
209310
209528
209673
209703
210022
210129
210190
210615
210666
210786
214482
214680
214808
214837
214872
215275
215593
215686
216140
216739
217015
219689
219704
219946
219973
220278
220403
220518
220610
220721
220758
220861
220908
220941
220950
221097
221224
221272
221296
221312
221315
221379
221388
221442
227042
227057
227098
227125
227250
227297
227913
227968
228275
228598
228703
228756
228781
228857
228874
229052
229280
229285
229516
230152
230265
230452
230491
230958
230960
230969
231850
237928
238051
238124
238404
238777
238806
238813
238976
239153
239343
239517
239606
239619
239768
239780
239885
239969
240136
240601
249487
249540
249722
249975
250044
250398
250708
250906
250926
251317
251435
251573
251805
251814
252211
252290
260801
260837
260839
260928
261003
261206
261328
261353
261517
261536
261783
261881
261928
261972
262147
262198
262448
262450
262733
263020
265266
265344
265349
265586
265621
265720
265744
265781
265805
265855
266118
266284
266292
266298
266397
266589
266992
267074
267141
267445
267449
267532
271580
271894
271996
272097
272166
272422
272673
272721
272749
273361
273368
273417
273580
273672
273784
273802
278071
278170
278449
278625
278642
278647
278770
278803
278891
278964
279146
279245
279305
279365
287710
287829
287854
287911
287999
288041
288721
288829
288831
289661
289843
290031
290032
290156
290209
290327
290374
296664
296667
296737
296916
297233
297342
297446
297516
297524
297559
297723
297750
297764
297773
297853
297874
297908
297937
297982
298145
298159
298177
298444
298724
298813
299033
300393
300395
300653
300654
300779
300884
301137
301161
301252
301434
301531
301614
301870
302004
302156
302297
318599
318764
318798
319456
320031
320142
320330
320435
320728
320944
321018
321052
323080
323112
323148
323251
323345
323356
323374
323400
323459
323624
323768
323955
324072
324198
324325
324344
324377
324576
324719
324892
341479
341733
342080
342333
342359
342470
342513
342709
342742
342831
342864
343003
343024
343028
343133
343266
343521
343658
343666
343680
343782
343868
343915
345605
345618
345637
345847
345882
345934
345975
346080
346121
346316
346557
346622
346772
346951
347140
347821
348117
348147
361627
361769
361885
361905
361986
362154
362213
362330
362373
362440
362495
362502
362625
362814
362893
362927
362975
362991
363129
363197
363821
363977
363993
364007
364010
365258
366926
366996
367304
367334
367361
367430
367495
367557
369131
370857
370945
370988
371094
371274
371283
371426
371478
371601
371979
371982
372019
372531
372546
375399
375406
375419
375597
375661
375693
375724
375936
376082
376235
376445
376720
377042
377305
377386
377464
377789
378003
378043
380700
380711
380785
380910
381262
381290
381569
381574
381789
381817
381868
382001
382105
382178
382234
382378
382608
382808
383236
383296
383297
383350
386307
386320
386376
386497
386573
386582
386682
386897
386918
387046
387132
387303
387504
387542
387999
388150
388391
388588
388595
396959
397175
397286
397305
397369
397383
397412
397464
402238
402335
402399
402447
402506
402732
402887
417349
417384
417445
417505
417532
417534
417663
417929
417943
418220
418264
418452
418481
418525
418605
418811
418863
419213
419478
422085
422305
422532
422686
422695
422696
422707
422742
422783
422862
423040
423180
423313
423362
423375
425640
425734
446736
446759
460421
460480
460488
460521
460554
460631
460648
460769
463154
463492
463555
463597
463629
484668
484761
484799
484841
484889
485064
485102
485119
485144
485273
485299
485334
485412
485422
485488
485558
485647
485804
485944
486157
486347
486605
486937
487171
491556
491902
491923
492009
492043
492076
492100
492111
492182
492262
492359
492397
492402
492578
492734
492992
493044
493052
493101
493392
493433
493733
493865
496994
496995
497060
504149
504440
504679
504944
505053
505312
505377
505590
505671
505676
506005
507727
508015
508067
508105
508245
508330
508348
508419
508423
508681
508826
508845
508948
509008
509021
509234
509296
509672
509756
511506
511571
511597
511660
511769
511831
511852
511925
511953
512089
512094
512144
512158
512316
512319
512486
512661
512997
513151
513316
514014
516813
516977
517064
517154
517226
517420
517654
517849
517929
517971
518050
518084
518135
518249
518293
518428
518450
518573
518670
518788
518833
518878
519052
519230
521370
521742
521917
521956
522078
522209
527593
534589
534737
534750
535090
535097
535143
535158
535169
535180
535231
535258
535295
535352
535359
535430
535456
535521
535716
535771
535839
535850
535904
536023
536120
536204
536334
536447
536497
536534
536641
536902
537015
537020
537079
537095
537096
537196
537281
537454
543550
543556
543560
543702
543744
543761
543765
543837
543861
543983
544026
544066
544089
544164
544197
544222
544232
544272
544345
544360
544460
544820
544940
544993
545284
545342
546123
547828
549173
549200
549223
549509
549522
549767
549840
549974
550150
550275
550517
550553
550624
550811
551030
551325
551509
558858
558911
558998
559020
559160
559344
559424
559465
559483
559497
559757
559793
559803
559933
560034
560107
560269
560392
560516
560567
560601
560721
560801
561057
561109
561275
561491
561549
561710
567622
567795
567853
568092
568134
568161
568212
568257
568291
568318
568386
568513
568700
568729
568836
568957
569012
569016
569086
569117
569214
569236
569578
569602
569647
569656
569692
569998
570017
570131
570151
570208
570329
570387
573820
573992
574528
574548
574703
574968
575195
575298
575397
575482
575658
583529
583741
583911
583972
584019
584144
584197
584204
584299
584379
584402
584413
584519
584775
584951
584973
585161
585190
585256
585319
585362
585419
585456
585611
586334
586336
586438
586523
586634
592145
592190
592212
592417
592450
592510
592640
592713
592829
592834
592924
593102
593151
593319
593429
593502
593604
593626
593694
593712
593751
593755
593780
593796
593907
593959
594160
594211
594244
594316
594426
594716
599222
599451
599507
599585
599900
599905
600050
600074
600103
600119
600293
600580
600979
601417
601537
601601
609168
609184
609198
609227
609267
609290
609436
609510
609596
609656
609659
609685
609744
609827
609963
610046
610080
610189
610235
610365
610372
610388
610458
610518
610534
610573
610680
610687
610806
610959
610973
611125
611221
611235
611272
611313
611359
611803
617620
617645
617908
617972
618073
618087
618120
618287
618308
618309
618316
618589
618777
618830
618831
618862
618923
619008
619071
619078
619085
619093
619096
619118
619149
619178
619180
619181
619228
619281
619323
619352
619549
619842
619875
619967
620057
622062
622224
622258
622275
622700
622887
622909
623190
623615
623696
623714
623893
636266
641911
656739
656742
656782
660133
660197
663491
691031
692265
692442
692648
693143
693303
693483
693492
693602
693716
695198
695332
703755
716208
726387
729875
748727
748857
748861
750910
765242
787243
789346
804920
841441
851096
867209
947976
3279847
3554677
3557309
3576660
3577271
3577328
3580515
3582745
3584439
3591005
3593951
3593998
3599357
3599876
3599928
3600580
3601214
3601268
3602967
3602979
3603761
3603764
3605554
3607373
3607581
3607589
3611957
3612552
3617130
3618042
3622697
3623212
3623345
3624005
3624592
3624669
3629540
3631445
3635099
3852946
3854182
3855085
3855466
3855752
3858351
3858617
3858892
3859612
3860373
3860784
3861506
3863012
3864919
3868703
3875633
3877739
3878323
3879141
3884222
3884428
3885043
3885575
3886406
3886940
3887221
3887499
3887701
3887837
3888976
3889139
3890537
3890908
3891087
3891223
3892223
3896867
3897040
3899974
3900203
3900597
3902211
3904576
3907224
3909682
3910433
