# 	AngSepBCG center	Ngals (Voids)	Ngals (Sheets)	Ngals (Filaments)	Ngals (Knots)
	0.000851558430029	0.569405594406	0.0	0.46875	0.0
	0.00092421924708	0.0	0.0	0.55	0.0
	0.00100307998436	0.0	0.0	0.0	0.0
	0.00108866966166	0.0	0.0	1.18055555556	0.0
	0.0011815624384	0.625088152327	0.0	0.0	0.0
	0.00128238146519	0.0	0.0	1.96542553191	0.0
	0.00139180306416	1.53883688085	0.0	0.0	0.0
	0.00151056126589	0.0	0.0	0.0	0.0
	0.00163945273348	0.45	0.5	0.0	0.0
	0.00177934210681	2.26552762542	0.0	1.18681318681	0.0
	0.00193116780278	1.03232323232	0.0	0.0	0.0
	0.00209594831045	3.18967049442	0.0	1.23684210526	0.0
	0.00227478902339	0.492256637168	0.0	1.23451327434	0.0
	0.00246888965492	0.712584511371	2.08333333333	0.825	0.0
	0.00267955228618	1.95971516406	0.72150997151	1.35	0.0
	0.00290819010078	2.80965975583	0.0	1.33064516129	0.0
	0.00315633686489	2.90122693301	3.62948178402	3.6817404612	0.0
	0.00342565721615	4.65976946885	1.68474526563	1.3125	0.0
	0.00371795783051	1.51831312419	1.4133800631	0.0	0.0
	0.00403519954195	7.1896325369	4.86417220305	6.44861783472	5.21660649819
	0.00437951049625	5.80476193584	3.59879089779	5.84570701254	2.0625
	0.00475320042723	8.40697345908	7.68760172372	5.54190128572	0.0
	0.00515877615107	7.28502804271	6.03173086916	15.3013199791	16.3435653347
	0.00559895838273	12.0979749327	7.25919133063	7.14894479193	13.3972286887
	0.00607669998728	12.6586145906	11.5603797657	7.60122737151	17.6508943099
	0.00659520578851	15.4615017161	9.85597134124	9.94843356951	12.6853545686
	0.0071579540678	13.0201490167	22.7846902929	11.8277927509	25.9295547297
	0.00776871989742	15.1990332049	20.7155670983	13.309105921	9.35692545089
	0.00843160046472	18.5361022527	18.6458650465	20.8650938692	13.6875872687
	0.00915104255726	21.9012035553	26.0871580608	11.8241796945	16.7183462885
	0.00993187239305	21.3774731418	29.3449914817	29.7801620526	27.9152529948
	0.0107793279962	28.590824133	39.1173877442	24.4961569451	28.0356963818
	0.011699094335	31.1239388586	33.7181514007	39.2256054242	43.7287531846
	0.0126973414584	28.4966677037	34.9456113439	37.3675695389	22.3914103223
	0.0137807658861	35.0787619827	33.2764118409	44.4479300347	52.5342506123
	0.0149566355312	37.0559763368	30.9974289932	53.676553256	53.4559373944
	0.0162328384548	42.7071586807	48.6074713675	48.9708282254	39.1715348295
	0.0176179357818	43.2370439709	43.5401926675	57.7735132395	61.2371104709
	0.0191212191309	52.4945419938	63.0495601264	50.2100340035	40.7058156458
	0.0207527729457	52.482635075	72.8468846822	66.5791530104	55.1918350096
	0.0225235421439	54.0795112077	74.7916278018	75.9124761958	73.6786339906
	0.0244454055385	73.5439369991	72.4433761626	83.9299785508	77.3482532747
	0.0265312555248	74.6092846769	98.6146603637	76.1046382789	86.2024091519
	0.0287950845656	72.4205369107	81.1750448337	77.6703979541	75.9399195567
	0.0312520790569	98.9649836201	101.215479605	101.642588881	126.947503898
	0.0339187212024	68.3996708861	101.031528588	129.98232674	102.956648505
	0.0368128995805	105.910770133	112.303758682	114.383718696	87.9144069987
	0.0399540291463	104.102328547	125.966547764	151.025706294	147.107325136
	0.0433631814721	116.192117959	136.649505231	146.545085612	149.348292595
	0.0470632261016	122.102693487	157.795141422	159.863662727	110.598411879
	0.0510789839651	123.621365744	175.853400904	179.252993189	162.639946071
	0.0554373938853	115.025743529	161.924619268	196.6054126	179.700337197
	0.0601676932903	132.309189236	173.994518269	217.001575351	215.006913286
	0.0653016143466	159.139330259	205.343991857	227.342321875	197.384553045
	0.070873596827	177.655130666	234.758938507	231.866835424	259.304557712
	0.0769210191427	164.769184001	218.65391439	270.053464437	232.775324445
	0.0834844490874	172.828496709	237.288664055	296.927808861	323.667486005
	0.0906079159781	196.661858718	279.119962392	310.0966028	273.182358822
	0.0983392060155	222.62000088	304.273293867	344.653759432	400.374133553
	0.106730182847	213.785356768	327.472709262	383.677398209	423.602717088
	0.115837135484	228.313513089	369.14930076	415.925833592	363.040439615
	0.125721155902	233.36092862	379.823177141	468.108844432	547.126005214
	0.136448548863	273.997995394	379.078921238	477.689488615	475.36812186
	0.148091276709	300.713437335	403.960122307	549.410480521	681.71803194
	0.160727442102	297.551529262	460.026657607	603.606256647	763.988777346
	0.174441811961	343.646444998	483.643638722	653.486076191	835.48946979
	0.1893263861	337.653623832	517.918670197	738.033737589	702.948266369
	0.205481014389	320.850375781	550.112118542	706.004378691	885.778662822
	0.223014066576	291.24542806	458.221774339	690.273174413	750.141571508
	0.24204315926	265.438606364	461.214466621	688.27229715	761.294873598
	0.262695944898	207.992564541	469.033044113	604.643872758	782.546825912
	0.28511096813	191.290320148	405.833038463	639.815628275	745.799954557
	0.309438595178	165.770177685	346.100360965	603.942751555	625.359439008
	0.335842022541	148.159988227	316.522236523	507.24236557	641.259700277
	0.364498371768	108.613311702	278.588989995	466.679188529	748.915396211
	0.395599877634	76.7234063537	216.539743543	465.188547246	696.604899046
	0.429355177706	66.1959521035	167.545347745	415.345614648	671.91971378
	0.465990711942	49.3728975075	138.836497547	364.195296929	637.716054137
	0.505752241714	39.3800326469	122.88316817	284.511122609	579.955484862
	0.548906498442	30.9711690333	91.8932667622	241.478021187	456.864746924
	0.595742972905	22.2575080549	68.5884936339	192.574681043	439.498944454
	0.646575857224	10.7764027799	52.2150841845	144.684834926	404.686303257
	0.701746152549	9.78019231398	43.4491402491	136.740129824	327.433949243
	0.761623956595	8.41850939985	31.0552597668	92.6349042904	222.309519788
	0.826610946355	8.16827710191	25.2120548628	85.2486153145	213.461072093
	0.897143072664	4.69021515664	19.9454891688	76.4786268238	170.602571966
	0.973693484677	2.86834302738	9.90745588132	56.6113618561	160.189040092
	1.05677570389	1.83561877151	7.24138469241	40.4903258638	100.900167857
	1.14694706897	1.16776168767	3.54329327842	23.766362229	157.988528735
	1.24481247457	2.15215621298	2.11493593843	26.661199805	98.7343936697
	1.3510284291	0.593265396544	2.75915071273	11.6190528686	144.035239309
	1.46630745876	1.9381777142	2.10733483551	7.360431275	68.1138621184
	1.59142288742	0.805814728424	0.695749255707	7.88560234922	60.9042826722
	1.72721402423	0.594568245126	0.0	0.0	33.7396529722
	1.87459179398	1.81885859938	0.0	2.40018182291	30.0929400212
	2.0345448478	0.0	0.0	4.36927213008	94.9556145425
	2.20814619534	0.0	0.0	1.18189368771	45.507218863
	2.39656040283	0.0	0.0	0.661102172164	1.96121718377
	2.60105140526	0.0	0.0	0.0	0.0
	2.70748056176	0.0	0.0	0.93404789494	0.0
